% Model,tin_tegs_model.mph
% Version,COMSOL 6.1.0.357
% Date,"May 31 2024, 13:51"
% Table,Table 2 - Surface Average 1
% Time (s),Temperature (K),Temperature (K)
0,1065.1442921853147,1048.6179644864526
1,1068.0749498844343,1048.6144727647759
2,1074.9795079946646,1048.617516343896
3,1080.554126592646,1048.6164661924358
4,1085.692400543836,1048.6135422486745
5,1089.9665856016109,1048.6066830229151
6,1093.3598869582154,1048.59504122743
7,1096.2218294914114,1048.5805145328159
8,1099.083772024607,1048.5659878382023
9,1101.6763958507083,1048.5534899125144
10,1103.6841326184135,1048.5453979217198
11,1105.6918693861182,1048.537305930925
12,1107.693613331156,1048.529227186827
13,1108.8230051702603,1048.5230767131868
14,1109.9523970093644,1048.516926239547
15,1111.0817888484676,1048.5107757659068
16,1112.2111806875716,1048.5046252922673
17,1113.3405725266757,1048.4984748186275
18,1114.469964365779,1048.492324344988
19,1115.3528993048972,1048.4850217926437
20,1115.8501843060424,1048.4759164947468
21,1116.3474693071873,1048.4668111968485
22,1116.8447543083323,1048.4577058989514
23,1117.3420393094768,1048.448600601055
24,1117.839324310622,1048.4394953031583
25,1118.3366093117677,1048.4303900052596
26,1118.5226763731007,1048.4237574878555
27,1118.6173363737673,1048.417851244768
28,1118.7119963744337,1048.4119450016813
29,1118.8066563751,1048.4060387585923
30,1118.9013163757659,1048.400132515504
31,1118.9959763764332,1048.394226272417
32,1119.0906363770991,1048.3883200293292
33,1119.1852963777662,1048.3824137862416
34,1119.2799563784322,1048.3765075431531
35,1119.3746163790977,1048.3706013000658
36,1119.4692763797643,1048.364695056979
37,1119.5639363804312,1048.3587888138904
38,1119.6585963810974,1048.3528825708024
39,1119.6655948766947,1048.3467540434904
40,1119.5976542534959,1048.3404354922457
41,1119.5297136302972,1048.334116941001
42,1119.4617730070984,1048.3277983897567
43,1119.3938323838995,1048.3214798385125
44,1119.3258917607004,1048.3151612872673
45,1119.2579511375022,1048.3088427360233
46,1119.1900105143031,1048.3025241847781
47,1119.1220698911045,1048.2962056335332
48,1119.0541292679056,1048.2898870822883
49,1118.986188644707,1048.2835685310438
50,1118.9182480215081,1048.2772499797998
51,1118.850307398309,1048.270931428554
52,1118.7588149967564,1048.2649232167748
53,1118.6137239628397,1048.2596212688957
54,1118.4686329289218,1048.254319321017
55,1118.323541895005,1048.2490173731376
56,1118.1784508610879,1048.2437154252598
57,1118.0333598271704,1048.2384134773804
58,1117.8882687932535,1048.2331115295021
59,1117.7431777593363,1048.227809581623
60,1117.5980867254195,1048.222507633744
61,1117.4529956915017,1048.2172056858658
62,1117.3079046575842,1048.2119037379862
63,1117.1628136236677,1048.2066017901077
64,1117.0177225897498,1048.2012998422288
65,1116.8726315558326,1048.19599789435
66,1116.7275405219154,1048.1906959464716
67,1116.5824494879987,1048.1853939985926
68,1116.4373584540813,1048.1800920507137
69,1116.292267420164,1048.1747901028345
70,1116.1471763862467,1048.1694881549556
71,1116.0020853523295,1048.1641862070776
72,1115.856994318412,1048.1588842591984
73,1115.7119032844953,1048.153582311319
74,1115.5668122505776,1048.148280363441
75,1115.4217212166611,1048.142978415562
76,1115.2766301827437,1048.1376764676834
77,1115.1315391488265,1048.132374519805
78,1114.986448114909,1048.1270725719253
79,1114.8378273085846,1048.1207587302486
80,1114.6885219715778,1048.1142486514582
81,1114.5392166345714,1048.1077385726676
82,1114.3899112975655,1048.1012284938763
83,1114.2406059605582,1048.0947184150857
84,1114.091300623552,1048.0882083362947
85,1113.941995286545,1048.0816982575038
86,1113.7926899495394,1048.0751881787132
87,1113.6433846125324,1048.0686780999224
88,1113.494079275525,1048.0621680211314
89,1113.3447739385192,1048.0556579423403
90,1113.1954686015126,1048.04914786355
91,1113.0461632645065,1048.042637784759
92,1112.8968579275002,1048.0361277059687
93,1112.7475525904924,1048.029617627178
94,1112.5982472534868,1048.0231075483864
95,1112.4489419164797,1048.0165974695958
96,1112.299636579474,1048.0100873908057
97,1112.150331242467,1048.0035773120142
98,1112.001025905461,1047.997067233224
99,1111.8517205684545,1047.9905571544325
100,1111.7024152314475,1047.9840470756415
101,1111.5531098944411,1047.977536996851
102,1111.403804557435,1047.9710269180594
103,1111.2544992204282,1047.9645168392688
104,1111.1051938834216,1047.9580067604786
105,1110.9656413044033,1047.951716052192
106,1110.8427041526227,1047.9457990776414
107,1110.7197670008425,1047.939882103089
108,1110.5968298490627,1047.9339651285372
109,1110.4738926972823,1047.9280481539854
110,1110.3509555455016,1047.922131179433
111,1110.2280183937216,1047.916214204882
112,1110.1050812419414,1047.9102972303306
113,1109.9821440901612,1047.9043802557783
114,1109.8592069383808,1047.8984632812271
115,1109.7362697866004,1047.8925463066748
116,1109.613332634819,1047.886629332123
117,1109.490395483039,1047.880712357572
118,1109.3674583312595,1047.87479538302
119,1109.244521179479,1047.8688784084677
120,1109.1215840276984,1047.8629614339159
121,1108.9986468759187,1047.8570444593643
122,1108.875709724138,1047.8511274848124
123,1108.7527725723583,1047.845210510261
124,1108.629835420578,1047.8392935357085
125,1108.5068982687974,1047.8333765611574
126,1108.383961117017,1047.8274595866058
127,1108.2610239652367,1047.8215426120535
128,1108.1380868134563,1047.8156256375014
129,1108.015149661676,1047.809708662951
130,1107.8922125098961,1047.8037916883982
131,1107.7692753581157,1047.797874713846
132,1107.6463382063355,1047.791957739295
133,1107.5234010545553,1047.786040764743
134,1107.400463902775,1047.780123790191
135,1107.2775267509942,1047.774206815639
136,1107.154589599214,1047.7682898410876
137,1107.031652447434,1047.762372866536
138,1106.9087152956536,1047.756455891984
139,1106.7857781438736,1047.7505389174323
140,1106.6628409920932,1047.7446219428798
141,1106.5399038403127,1047.7387049683284
142,1106.4169666885332,1047.7327879937775
143,1106.2940295367525,1047.7268710192254
144,1106.1710923849723,1047.7209540446727
145,1106.0481552331912,1047.7150370701218
146,1105.9252180814115,1047.70912009557
147,1105.8022809296315,1047.7032031210176
148,1105.679343777851,1047.6972861464658
149,1105.5564066260708,1047.6913691719146
150,1105.43346947429,1047.6854521973632
151,1105.31053232251,1047.6795352228107
152,1105.1875951707298,1047.6736182482593
153,1105.0646580189493,1047.6677012737075
154,1104.9417208671691,1047.6617842991554
155,1104.818783715389,1047.655867324604
156,1104.6958465636085,1047.6499503500518
157,1104.572909411829,1047.6440333755
158,1104.4601068636896,1047.6383765869302
159,1104.3604962961876,1047.6330584764703
160,1104.260885728685,1047.6277403660117
161,1104.1612751611833,1047.6224222555531
162,1104.0616645936814,1047.617104145094
163,1103.9620540261794,1047.611786034635
164,1103.8624434586761,1047.6064679241758
165,1103.7628328911749,1047.6011498137177
166,1103.6632223236722,1047.5958317032575
167,1103.56361175617,1047.5905135927992
168,1103.4640011886677,1047.5851954823404
169,1103.3643906211657,1047.5798773718807
170,1103.2647800536638,1047.5745592614219
171,1103.1651694861614,1047.5692411509629
172,1103.0655589186586,1047.5639230405045
173,1102.9659483511568,1047.558604930045
174,1102.866337783655,1047.5532868195864
175,1102.766727216152,1047.5479687091272
176,1102.6671166486497,1047.542650598668
177,1102.5675060811484,1047.5373324882098
178,1102.4678955136458,1047.53201437775
179,1102.3682849461434,1047.526696267291
180,1102.268674378641,1047.5213781568323
181,1102.1690638111381,1047.5160600463732
182,1102.069453243637,1047.5107419359138
183,1101.969842676135,1047.5054238254554
184,1101.8702321086323,1047.5001057149964
185,1101.77062154113,1047.4947876045371
186,1101.6710109736277,1047.4894694940788
187,1101.571400406126,1047.4841513836193
188,1101.4717898386236,1047.4788332731603
189,1101.372179271121,1047.4735151627012
190,1101.2725687036188,1047.4681970522422
191,1101.172958136117,1047.462878941784
192,1101.073347568615,1047.4575608313248
193,1100.9737370011126,1047.4522427208653
194,1100.8741264336102,1047.4469246104063
195,1100.7745158661082,1047.4416064999475
196,1100.674905298606,1047.4362883894885
197,1100.5752947311043,1047.4309702790295
198,1100.4756841636013,1047.4256521685707
199,1100.3760735960996,1047.420334058111
200,1100.2764630285967,1047.4150159476528
201,1100.176852461095,1047.4096978371929
202,1100.0772418935924,1047.4043797267348
203,1099.9776313260911,1047.3990616162757
204,1099.8780207585878,1047.393743505817
205,1099.7784101910856,1047.388425395358
206,1099.6787996235832,1047.3831072848982
207,1099.5791890560815,1047.37778917444
208,1099.4795784885798,1047.3724710639801
209,1099.3799679210774,1047.3671529535213
210,1099.2803573535748,1047.3618348430637
211,1099.1956050400129,1047.3569202089845
212,1099.1257667578652,1047.3524105659264
213,1099.0559284757162,1047.3479009228686
214,1098.9860901935672,1047.3433912798102
215,1098.9162519114193,1047.338881636752
216,1098.846413629271,1047.334371993694
217,1098.7765753471224,1047.3298623506353
218,1098.7067370649738,1047.3253527075776
219,1098.6368987828255,1047.32084306452
220,1098.567060500677,1047.3163334214614
221,1098.497222218528,1047.311823778403
222,1098.4273839363798,1047.3073141353452
223,1098.357545654232,1047.3028044922876
224,1098.2877073720824,1047.298294849229
225,1098.2178690899343,1047.293785206171
226,1098.148030807786,1047.2892755631121
227,1098.0781925256374,1047.2847659200554
228,1098.0083542434895,1047.2802562769964
229,1097.93851596134,1047.2757466339385
230,1097.8686776791917,1047.2712369908804
231,1097.7988393970436,1047.2667273478219
232,1097.729001114895,1047.2622177047642
233,1097.659162832746,1047.2577080617054
234,1097.589324550597,1047.2531984186483
235,1097.519486268449,1047.24868877559
236,1097.449647986301,1047.2441791325307
237,1097.379809704152,1047.2396694894737
238,1097.3099714220039,1047.235159846415
239,1097.240133139855,1047.230650203357
240,1097.1702948577065,1047.2261405602992
241,1097.100456575558,1047.2216309172409
242,1097.0306182934098,1047.217121274183
243,1096.9607800112608,1047.2126116311244
244,1096.8909417291125,1047.2081019880663
245,1096.8211034469637,1047.2035923450085
246,1096.7512651648155,1047.1990827019501
247,1096.6814268826672,1047.1945730588918
248,1096.6115886005186,1047.1900634158346
249,1096.5417503183703,1047.1855537727758
250,1096.4719120362217,1047.1810441297182
251,1096.4020737540734,1047.17653448666
252,1096.3322354719248,1047.172024843601
253,1096.2623971897756,1047.1675152005437
254,1096.1925589076275,1047.1630055574853
255,1096.1227206254791,1047.1584959144277
256,1096.0528823433308,1047.1539862713694
257,1095.983044061183,1047.149476628311
258,1095.9132057790332,1047.1449669852527
259,1095.8433674968853,1047.1404573421948
260,1095.7735292147365,1047.1359476991372
261,1095.7036909325882,1047.1314380560789
262,1095.6338526504398,1047.1269284130196
263,1095.564014368292,1047.1224187699625
264,1095.494176086143,1047.1179091269041
265,1095.424337803994,1047.1133994838458
266,1095.354499521846,1047.1088898407877
267,1095.2846612396972,1047.1043801977296
268,1095.2148229575494,1047.0998705546715
269,1095.1449846753997,1047.0953609116139
270,1095.0751463932515,1047.0908512685544
271,1095.0053081111027,1047.0863416254977
272,1094.9354698289544,1047.0818319824396
273,1094.8656315468063,1047.0773223393812
274,1094.7957932646575,1047.0728126963236
275,1094.7259549825094,1047.0683030532646
276,1094.6561167003604,1047.0637934102067
277,1094.5862784182116,1047.0592837671484
278,1094.5164401360637,1047.05477412409
279,1094.446601853915,1047.0502644810322
280,1094.3767635717668,1047.045754837974
281,1094.3069252896175,1047.0412451949164
282,1094.2370870074703,1047.0367355518574
283,1094.1672487253213,1047.0322259088002
284,1094.097410443173,1047.0277162657414
285,1094.0275721610237,1047.0232066226833
286,1093.9577338788756,1047.0186969796252
287,1093.887895596727,1047.0141873365671
288,1093.8180573145787,1047.0096776935086
289,1093.7482190324304,1047.0051680504514
290,1093.678380750282,1047.0006584073926
291,1093.6085424681326,1046.996148764334
292,1093.5387041859854,1046.9916391212766
293,1093.4688659038363,1046.9871294782183
294,1093.3990276216878,1046.9826198351602
295,1093.3291893395387,1046.9781101921023
296,1093.2593510573909,1046.9736005490438
297,1093.1895127752423,1046.9690909059866
298,1093.1196744930935,1046.964581262928
299,1093.0498362109452,1046.96007161987
300,1092.979997928797,1046.955561976812
301,1092.9101596466485,1046.9510523337533
302,1092.8403213645,1046.946542690695
303,1092.7704830823511,1046.9420330476382
304,1092.700644800203,1046.9375234045797
305,1092.630806518054,1046.9330137615211
306,1092.5609682359059,1046.9285041184628
307,1092.4911299537573,1046.923994475405
308,1092.4212916716083,1046.9194848323468
309,1092.3514533894602,1046.9149751892887
310,1092.2816151073116,1046.9104655462309
311,1092.2117768251628,1046.905955903172
312,1092.1419385430147,1046.901446260114
313,1092.0721002608664,1046.8969366170568
314,1092.0022619787171,1046.8924269739985
315,1091.9324236965695,1046.8879173309394
316,1091.8625854144207,1046.8834076878813
317,1091.8033716760294,1046.8794954160378
318,1091.7504445056165,1046.8759366101726
319,1091.6975173352039,1046.8723778043066
320,1091.644590164791,1046.8688189984402
321,1091.5916629943786,1046.865260192575
322,1091.5387358239657,1046.8617013867095
323,1091.4858086535532,1046.858142580843
324,1091.4328814831408,1046.8545837749773
325,1091.379954312728,1046.8510249691117
326,1091.3270271423153,1046.8474661632467
327,1091.2740999719024,1046.8439073573802
328,1091.2211728014897,1046.8403485515146
329,1091.1682456310766,1046.8367897456487
330,1091.115318460664,1046.8332309397833
331,1091.0623912902513,1046.8296721339175
332,1091.0094641198389,1046.8261133280519
333,1090.9565369494255,1046.8225545221856
334,1090.9036097790135,1046.8189957163202
335,1090.8506826086013,1046.815436910454
336,1090.7977554381876,1046.811878104589
337,1090.744828267775,1046.8083192987224
338,1090.6919010973616,1046.804760492856
339,1090.638973926949,1046.8012016869907
340,1090.5860467565371,1046.797642881125
341,1090.5331195861247,1046.7940840752597
342,1090.4801924157114,1046.7905252693936
343,1090.4272652452985,1046.7869664635275
344,1090.3743380748856,1046.7834076576614
345,1090.3214109044734,1046.7798488517963
346,1090.26848373406,1046.7762900459306
347,1090.2155565636476,1046.7727312400646
348,1090.1626293932352,1046.7691724341987
349,1090.1097022228225,1046.765613628333
350,1090.0567750524092,1046.7620548224672
351,1090.0038478819965,1046.7584960166016
352,1089.9509207115839,1046.754937210736
353,1089.8979935411714,1046.7513784048704
354,1089.8450663707592,1046.7478195990045
355,1089.7921392003464,1046.7442607931384
356,1089.739212029933,1046.7407019872733
357,1089.6862848595204,1046.737143181407
358,1089.6333576891077,1046.7335843755418
359,1089.580430518695,1046.7300255696757
360,1089.5275033482822,1046.7264667638103
361,1089.4745761778695,1046.7229079579438
362,1089.4216490074568,1046.7193491520786
363,1089.3687218370444,1046.7157903462119
364,1089.3157946666313,1046.712231540347
365,1089.262867496219,1046.7086727344813
366,1089.2099403258064,1046.7051139286145
367,1089.1570131553933,1046.7015551227496
368,1089.10408598498,1046.6979963168837
369,1089.051158814567,1046.6944375110181
370,1088.998231644155,1046.690878705152
371,1088.9453044737422,1046.6873198992857
372,1088.8923773033293,1046.68376109342
373,1088.8394501329167,1046.6802022875545
374,1088.7865229625036,1046.6766434816893
375,1088.7335957920914,1046.6730846758242
376,1088.6806686216783,1046.6695258699579
377,1088.6277414512658,1046.6659670640913
378,1088.5748142808532,1046.6624082582257
379,1088.5218871104405,1046.6588494523598
380,1088.4689599400278,1046.6552906464944
381,1088.4160327696147,1046.6517318406293
382,1088.3631055992023,1046.6481730347632
383,1088.3101784287892,1046.6446142288964
384,1088.2572512583772,1046.6410554230313
385,1088.2043240879646,1046.637496617165
386,1088.1513969175517,1046.6339378112998
387,1088.098469747139,1046.630379005434
388,1088.045542576726,1046.6268201995676
389,1087.992615406313,1046.623261393702
390,1087.9396882359008,1046.6197025878366
391,1087.886761065488,1046.6161437819696
392,1087.8338338950753,1046.6125849761045
393,1087.7809067246626,1046.609026170239
394,1087.72797955425,1046.6054673643728
395,1087.675052383837,1046.6019085585076
396,1087.6221252134246,1046.598349752642
397,1087.5691980430117,1046.5947909467764
398,1087.5162708725982,1046.5912321409103
399,1087.463343702186,1046.5876733350449
400,1087.410416531773,1046.5841145291786
401,1087.3574893613604,1046.5805557233134
402,1087.3045621909482,1046.576996917447
403,1087.2516350205353,1046.5734381115813
404,1087.1987078501222,1046.569879305716
405,1087.1457806797098,1046.5663204998498
406,1087.092853509297,1046.5627616939846
407,1087.0399263388852,1046.5592028881183
408,1086.9869991684718,1046.5556440822527
409,1086.934071998059,1046.552085276387
410,1086.8811448276458,1046.5485264705217
411,1086.8282176572334,1046.544967664655
412,1086.7752904868205,1046.5414088587904
413,1086.7223633164083,1046.5378500529234
414,1086.6694361459956,1046.5342912470576
415,1086.6165089755825,1046.530732441192
416,1086.5635818051705,1046.5271736353266
417,1086.5106546347567,1046.5236148294603
418,1086.4577274643443,1046.520056023595
419,1086.4048002939312,1046.5164972177297
420,1086.3518731235188,1046.5129384118623
421,1086.298945953106,1046.5093796059975
422,1086.2460187826935,1046.5058208001321
423,1086.208243692207,1046.5020278182292
424,1086.175320507875,1046.4981598499112
425,1086.142397323543,1046.4942918815918
426,1086.1094741392114,1046.490423913274
427,1086.0765509548787,1046.4865559449554
428,1086.0436277705471,1046.4826879766367
429,1086.010704586215,1046.4788200083185
430,1085.9777814018823,1046.4749520399998
431,1085.9448582175505,1046.471084071682
432,1085.9119350332192,1046.4672161033639
433,1085.879011848886,1046.463348135045
434,1085.8460886645541,1046.459480166727
435,1085.8131654802214,1046.455612198409
436,1085.78024229589,1046.4517442300903
437,1085.747319111558,1046.4478762617716
438,1085.7143959272264,1046.4440082934536
439,1085.6814727428934,1046.4401403251345
440,1085.6485495585616,1046.436272356817
441,1085.6156263742296,1046.4324043884985
442,1085.582703189897,1046.4285364201794
443,1085.5497800055655,1046.4246684518623
444,1085.5168568212334,1046.4208004835434
445,1085.483933636901,1046.4169325152254
446,1085.4510104525687,1046.4130645469068
447,1085.4180872682373,1046.4091965785892
448,1085.385164083905,1046.4053286102692
449,1085.3522408995725,1046.4014606419526
450,1085.319317715241,1046.3975926736334
451,1085.2863945309086,1046.3937247053157
452,1085.2534713465768,1046.3898567369972
453,1085.2205481622443,1046.385988768679
454,1085.1876249779123,1046.3821208003603
455,1085.1547017935798,1046.3782528320428
456,1085.121778609248,1046.3743848637237
457,1085.088855424916,1046.370516895405
458,1085.0559322405832,1046.366648927087
459,1085.023009056252,1046.3627809587686
460,1084.9900858719195,1046.35891299045
461,1084.9571626875872,1046.3550450221321
462,1084.9242395032559,1046.351177053814
463,1084.8913163189225,1046.347309085496
464,1084.858393134591,1046.3434411171777
465,1084.8254699502593,1046.339573148859
466,1084.792546765927,1046.3357051805397
467,1084.7596235815945,1046.3318372122221
468,1084.7267003972634,1046.3279692439041
469,1084.6937772129306,1046.3241012755855
470,1084.6608540285984,1046.3202333072668
471,1084.627930844266,1046.3163653389488
472,1084.5950076599336,1046.31249737063
473,1084.5620844756022,1046.3086294023124
474,1084.52916129127,1046.3047614339935
475,1084.496238106938,1046.3008934656748
476,1084.4633149226058,1046.2970254973573
477,1084.4303917382733,1046.2931575290388
478,1084.3974685539415,1046.2892895607208
479,1084.36454536961,1046.2854215924017
480,1084.331622185277,1046.2815536240842
481,1084.2986990009458,1046.277685655765
482,1084.2657758166129,1046.2738176874473
483,1084.2328526322815,1046.2699497191288
484,1084.1999294479485,1046.2660817508104
485,1084.167006263616,1046.2622137824926
486,1084.1340830792851,1046.258345814174
487,1084.1011598949528,1046.2544778458555
488,1084.0682367106206,1046.250609877537
489,1084.035313526289,1046.2467419092193
490,1084.0023903419556,1046.2428739408997
491,1083.9694671576242,1046.2390059725826
492,1083.9365439732917,1046.2351380042637
493,1083.90362078896,1046.231270035946
494,1083.870697604628,1046.2274020676264
495,1083.8377744202955,1046.2235340993088
496,1083.804851235964,1046.2196661309906
497,1083.771928051632,1046.2157981626722
498,1083.7390048672992,1046.2119301943542
499,1083.7060816829671,1046.2080622260353
500,1083.6731584986348,1046.2041942577173
501,1083.6402353143037,1046.2003262893988
502,1083.607312129971,1046.196458321081
503,1083.574388945639,1046.1925903527629
504,1083.5414657613067,1046.1887223844437
505,1083.5085425769744,1046.184854416126
506,1083.4756193926428,1046.1809864478073
507,1083.4426962083105,1046.177118479489
508,1083.4097730239782,1046.1732505111702
509,1083.376849839646,1046.1693825428524
510,1083.3439266553148,1046.1655145745344
511,1083.3110034709823,1046.1616466062155
512,1083.2780802866494,1046.1577786378978
513,1083.245157102318,1046.1539106695789
514,1083.2122339179857,1046.1500427012606
515,1083.1793107336534,1046.1461747329429
516,1083.1463875493212,1046.142306764624
517,1083.1134643649893,1046.1384387963058
518,1083.0805411806575,1046.134570827988
519,1083.0476179963255,1046.1307028596696
520,1083.014694811993,1046.1268348913509
521,1082.9817716276605,1046.122966923032
522,1082.9488484433286,1046.1190989547138
523,1082.9159252589964,1046.1152309863958
524,1082.883002074665,1046.111363018077
525,1082.850078890333,1046.1074950497596
526,1082.8171557060007,1046.1036270814407
527,1082.784232521668,1046.0997591131227
528,1082.7513093373361,1046.095891144805
529,1082.7183861530036,1046.092023176486
530,1082.6854629686723,1046.0881552081673
531,1082.6525397843398,1046.084287239849
532,1082.6196166000075,1046.080419271531
533,1082.5866934156754,1046.0765513032125
534,1082.5537702313436,1046.072683334893
535,1082.5208470470113,1046.0688153665753
536,1082.4879238626795,1046.064947398257
537,1082.4550006783472,1046.0610794299391
538,1082.422077494015,1046.0572114616211
539,1082.3891543096831,1046.0533434933025
540,1082.356231125351,1046.0494755249838
541,1082.3233079410188,1046.0456075566653
542,1082.2903847566863,1046.0417395883471
543,1082.257461572355,1046.0378716200287
544,1082.2245383880227,1046.0340036517107
545,1082.19161520369,1046.0301356833925
546,1082.158692019358,1046.026267715074
547,1082.1257688350263,1046.0223997467556
548,1082.092845650694,1046.0185317784378
549,1082.059922466362,1046.0146638101196
550,1082.0269992820308,1046.0107958418
551,1081.9940760976976,1046.006927873482
552,1081.9611529133658,1046.003059905164
553,1081.9282297290335,1045.9991919368451
554,1081.8953065447013,1045.9953239685278
555,1081.8623833603692,1045.9914560002098
556,1081.8294601760374,1045.987588031891
557,1081.7965369917051,1045.983720063573
558,1081.763613807373,1045.9798520952543
559,1081.7306906230406,1045.9759841269354
560,1081.6977674387092,1045.9721161586178
561,1081.6648442543767,1045.968248190299
562,1081.6319210700447,1045.9643802219807
563,1081.5989978857128,1045.960512253663
564,1081.56607470138,1045.9566442853443
565,1081.5331515170483,1045.9527763170265
566,1081.5002283327158,1045.9489083487078
567,1081.467305148384,1045.945040380389
568,1081.4343819640517,1045.9411724120705
569,1081.4014587797199,1045.9373044437525
570,1081.3685355953878,1045.933436475434
571,1081.3356124110553,1045.929568507116
572,1081.3026892267226,1045.9257005387983
573,1081.269766042392,1045.921832570479
574,1081.236842858059,1045.9179646021616
575,1081.2039196737273,1045.914096633843
576,1081.1709964893944,1045.9102286655238
577,1081.1380733050635,1045.9063606972056
578,1081.1051501207312,1045.9024927288872
579,1081.0722269363991,1045.898624760569
580,1081.0393037520669,1045.894756792251
581,1081.006380567735,1045.890888823933
582,1080.9734573834025,1045.887020855614
583,1080.9405341990705,1045.8831528872963
584,1080.907611014738,1045.8792849189772
585,1080.8746878304057,1045.8754169506594
586,1080.841764646074,1045.871548982341
587,1080.8088414617416,1045.867681014023
588,1080.7759182774096,1045.8638130457045
589,1080.7429950930775,1045.8599450773859
590,1080.7100719087455,1045.8560771090677
591,1080.6771487244137,1045.8522091407488
592,1080.6442255400814,1045.8483411724314
593,1080.611302355749,1045.844473204113
594,1080.578379171417,1045.8406052357946
595,1080.5454559870852,1045.8367372674759
596,1080.5125328027525,1045.832869299157
597,1080.4796096184207,1045.829001330839
598,1080.446686434089,1045.825133362521
599,1080.4137632497568,1045.8212653942028
600,1080.3808400654243,1045.8173974258843
601,1080.3479168810923,1045.8135294575666
602,1080.3149936967598,1045.8096614892481
603,1080.2820705124282,1045.8057935209292
604,1080.2491473280961,1045.8019255526103
605,1080.216224143763,1045.7980575842926
606,1080.1833009594316,1045.7941896159746
607,1080.1503777750997,1045.7903216476564
608,1080.1174545907675,1045.7864536793381
609,1080.0845314064356,1045.78258571102
610,1080.0516082221038,1045.7787177427015
611,1080.0186850377718,1045.774849774383
612,1079.9857618534393,1045.7709818060648
613,1079.9528386691072,1045.767113837745
614,1079.9199154847745,1045.7632458694277
615,1079.8869923004434,1045.7593779011097
616,1079.8540691161108,1045.7555099327903
617,1079.8211459317788,1045.7516419644728
618,1079.7882227474468,1045.7477739961548
619,1079.7552995631142,1045.7439060278361
620,1079.7223763787824,1045.740038059518
621,1079.6894531944506,1045.7361700911995
622,1079.6565300101186,1045.7323021228808
623,1079.623606825786,1045.7284341545635
624,1079.590683641454,1045.7245661862444
625,1079.5577604571229,1045.7206982179264
626,1079.5248372727897,1045.7168302496082
627,1079.4919140884572,1045.712962281289
628,1079.4589909041258,1045.7090943129708
629,1079.4260677197929,1045.7052263446526
630,1079.393144535461,1045.7013583763342
631,1079.3602213511292,1045.6974904080168
632,1079.3272981667974,1045.6936224396989
633,1079.2943749824651,1045.6897544713793
634,1079.2615998993333,1045.685892605869
635,1079.238024885441,1045.6824098476843
636,1079.2144498715497,1045.6789270894994
637,1079.1908748576575,1045.675444331316
638,1079.1672998437657,1045.671961573131
639,1079.1437248298735,1045.6684788149475
640,1079.1201498159817,1045.6649960567638
641,1079.0965748020894,1045.661513298579
642,1079.0729997881979,1045.658030540394
643,1079.0494247743059,1045.65454778221
644,1079.025849760414,1045.6510650240257
645,1079.0022747465223,1045.6475822658413
646,1078.97869973263,1045.6440995076578
647,1078.9551247187378,1045.6406167494727
648,1078.9315497048456,1045.637133991289
649,1078.9079746909547,1045.6336512331045
650,1078.8843996770622,1045.6301684749199
651,1078.8608246631707,1045.6266857167352
652,1078.8372496492786,1045.6232029585517
653,1078.8136746353869,1045.6197202003666
654,1078.7900996214946,1045.6162374421824
655,1078.7665246076026,1045.6127546839991
656,1078.7429495937113,1045.6092719258143
657,1078.7193745798195,1045.6057891676298
658,1078.695799565927,1045.6023064094454
659,1078.6722245520352,1045.5988236512608
660,1078.6486495381432,1045.5953408930766
661,1078.6250745242514,1045.5918581348926
662,1078.6014995103592,1045.5883753767082
663,1078.5779244964676,1045.584892618524
664,1078.5543494825758,1045.5814098603396
665,1078.530774468683,1045.5779271021554
666,1078.5071994547911,1045.5744443439708
667,1078.4836244408996,1045.5709615857868
668,1078.460049427008,1045.5674788276021
669,1078.4364744131155,1045.5639960694186
670,1078.4128993992244,1045.5605133112338
671,1078.3893243853324,1045.5570305530496
672,1078.36574937144,1045.5535477948654
673,1078.342174357548,1045.5500650366805
674,1078.318599343656,1045.546582278496
675,1078.2950243297637,1045.5430995203124
676,1078.2714493158728,1045.539616762128
677,1078.2478743019801,1045.5361340039435
678,1078.2242992880886,1045.5326512457598
679,1078.2007242741965,1045.5291684875754
680,1078.177149260305,1045.5256857293907
681,1078.1535742464127,1045.5222029712063
682,1078.1299992325205,1045.5187202130228
683,1078.1064242186287,1045.5152374548381
684,1078.0828492047372,1045.5117546966549
685,1078.0592741908456,1045.50827193847
686,1078.0356991769524,1045.5047891802858
687,1078.0121241630607,1045.5013064221005
688,1077.9885491491689,1045.4978236639172
689,1077.9649741352775,1045.4943409057328
690,1077.9413991213858,1045.490858147549
691,1077.9178241074935,1045.487375389364
692,1077.8942490936017,1045.4838926311802
693,1077.8706740797093,1045.480409872996
694,1077.8470990658172,1045.4769271148114
695,1077.8235240519255,1045.473444356627
696,1077.7999490380334,1045.469961598442
697,1077.7763740241421,1045.4664788402583
698,1077.7527990102492,1045.4629960820741
699,1077.729223996358,1045.45951332389
700,1077.705648982466,1045.456030565706
701,1077.6820739685743,1045.4525478075216
702,1077.658498954682,1045.4490650493367
703,1077.6349239407903,1045.4455822911525
704,1077.6113489268985,1045.4420995329685
705,1077.5877739130067,1045.438616774784
706,1077.5641988991147,1045.4351340166002
707,1077.5406238852227,1045.4316512584153
708,1077.5170488713302,1045.4281685002313
709,1077.493473857439,1045.4246857420464
710,1077.4698988435468,1045.4212029838623
711,1077.446323829655,1045.417720225678
712,1077.4227488157621,1045.4142374674936
713,1077.399173801871,1045.4107547093095
714,1077.375598787979,1045.4072719511255
715,1077.3520237740863,1045.4037891929415
716,1077.3284487601954,1045.4003064347564
717,1077.3048737463032,1045.396823676572
718,1077.2812987324112,1045.3933409183871
719,1077.2577237185192,1045.3898581602032
720,1077.234148704627,1045.3863754020194
721,1077.2105736907351,1045.3828926438348
722,1077.1869986768436,1045.3794098856513
723,1077.1634236629513,1045.3759271274664
724,1077.1398486490596,1045.372444369283
725,1077.1162736351685,1045.3689616110976
726,1077.0926986212755,1045.3654788529138
727,1077.0691236073833,1045.3619960947296
728,1077.045548593492,1045.358513336545
729,1077.0219735796,1045.3550305783606
730,1076.9983985657075,1045.351547820176
731,1076.9748235518161,1045.3480650619922
732,1076.951248537924,1045.344582303807
733,1076.9276735240321,1045.341099545623
734,1076.9040985101406,1045.3376167874385
735,1076.8805234962483,1045.3341340292552
736,1076.8569484823558,1045.3306512710708
737,1076.8333734684647,1045.3271685128866
738,1076.8097984545723,1045.3236857547026
739,1076.7862234406807,1045.320202996518
740,1076.7626484267882,1045.3167202383336
741,1076.7390734128971,1045.3132374801492
742,1076.715498399005,1045.3097547219659
743,1076.691923385113,1045.306271963781
744,1076.6683483712216,1045.3027892055964
745,1076.6447733573289,1045.2993064474124
746,1076.6211983434378,1045.295823689228
747,1076.5976233295448,1045.2923409310438
748,1076.5740483156533,1045.2888581728594
749,1076.550473301761,1045.2853754146754
750,1076.5268982878697,1045.2818926564908
751,1076.503323273978,1045.2784098983066
752,1076.4797482600854,1045.2749271401226
753,1076.4561732461937,1045.2714443819386
754,1076.4325982323023,1045.2679616237535
755,1076.4090232184099,1045.264478865569
756,1076.385448204518,1045.2609961073852
757,1076.361873190626,1045.2575133492014
758,1076.3382981767343,1045.2540305910168
759,1076.3147231628418,1045.2505478328324
760,1076.2911481489502,1045.247065074648
761,1076.2675731350587,1045.2435823164637
762,1076.2439981211664,1045.2400995582786
763,1076.2204231072744,1045.2366168000947
764,1076.1968480933826,1045.2331340419114
765,1076.1732730794904,1045.2296512837268
766,1076.1496980655988,1045.2261685255428
767,1076.126123051707,1045.2226857673575
768,1076.102548037815,1045.2192030091733
769,1076.0789730239223,1045.2157202509898
770,1076.0553980100315,1045.2122374928051
771,1076.0318229961392,1045.2087547346212
772,1076.0082479822472,1045.2052719764363
773,1075.9846729683552,1045.201789218252
774,1075.9610979544627,1045.198306460068
775,1075.9375229405714,1045.1948237018835
776,1075.9139479266792,1045.1913409436986
777,1075.8903729127878,1045.1878581855149
778,1075.866797898895,1045.1843754273307
779,1075.8432228850038,1045.1808926691458
780,1075.8196478711118,1045.1774099109618
781,1075.7960728572198,1045.1739271527779
782,1075.772497843328,1045.1704443945932
783,1075.748922829436,1045.1669616364088
784,1075.7253478155444,1045.1634788782246
785,1075.7017728016522,1045.1599961200395
786,1075.6781977877604,1045.156513361856
787,1075.6546227738681,1045.153030603673
788,1075.6310477599764,1045.1495478454874
789,1075.607472746084,1045.1460650873034
790,1075.5838977321928,1045.1425823291188
791,1075.5603227182999,1045.139099570935
792,1075.5367477044078,1045.13561681275
793,1075.5131726905165,1045.1321340545662
794,1075.4895976766247,1045.1286512963818
795,1075.4660226627332,1045.1251685381974
796,1075.4424476488407,1045.121685780014
797,1075.4188726349494,1045.118203021828
798,1075.395297621057,1045.114720263645
799,1075.3717226071653,1045.1112375054606
800,1075.348147593273,1045.107754747276
801,1075.3245725793815,1045.1042719890916
802,1075.300997565489,1045.1007892309076
803,1075.2774225515973,1045.0973064727236
804,1075.253847537705,1045.0938237145388
805,1075.230272523814,1045.0903409563548
806,1075.206697509922,1045.0868581981697
807,1075.18312249603,1045.0833754399862
808,1075.159547482138,1045.0798926818027
809,1075.1359724682452,1045.0764099236173
810,1075.1123974543536,1045.0729271654332
811,1075.0888224404619,1045.0694444072487
812,1075.0652474265694,1045.0659616490648
813,1075.0416724126778,1045.0624788908801
814,1075.0180973987858,1045.0589961326966
815,1074.9945223848933,1045.0555133745117
816,1074.9709473710025,1045.052030616328
817,1074.9473723571107,1045.0485478581438
818,1074.9237973432175,1045.0450650999587
819,1074.9002223293267,1045.041582341774
820,1074.8766473154346,1045.0380995835906
821,1074.8530723015426,1045.034616825406
822,1074.8294972876508,1045.0311340672215
823,1074.8059222737588,1045.027651309037
824,1074.7823472598668,1045.0241685508533
825,1074.758772245975,1045.0206857926687
826,1074.7351972320835,1045.0172030344847
827,1074.7116222181912,1045.0137202763008
828,1074.6880472042992,1045.010237518116
829,1074.6644721904067,1045.0067547599317
830,1074.640897176515,1045.0032720017473
831,1074.6173221626227,1044.9997892435626
832,1074.5937471487314,1044.9963064853796
833,1074.57017213484,1044.9928237271943
834,1074.5465971209476,1044.9893409690103
835,1074.5230221070558,1044.9858582108263
836,1074.4994470931642,1044.982375452642
837,1074.4758720792715,1044.9788926944575
838,1074.45229706538,1044.975409936274
839,1074.4287220514882,1044.9719271780887
840,1074.4051470375957,1044.9684444199045
841,1074.3815720237044,1044.9649616617205
842,1074.3579970098122,1044.9614789035359
843,1074.3344219959201,1044.9579961453517
844,1074.3108469820284,1044.9545133871677
845,1074.2872719681368,1044.9510306289837
846,1074.2643653248163,1044.9446424914972
847,1074.2432275508768,1044.9305651517905
848,1074.222089776936,1044.9164878120841
849,1074.200952002996,1044.9024104723778
850,1074.179814229057,1044.8883331326713
851,1074.1586764551164,1044.8742557929647
852,1074.1375386811762,1044.8601784532584
853,1074.1164009072365,1044.8461011135519
854,1074.095263133297,1044.8320237738453
855,1074.0741253593571,1044.817946434139
856,1074.052987585417,1044.8038690944322
857,1074.0318498114768,1044.7897917547257
858,1074.0107120375374,1044.7757144150191
859,1073.9895742635974,1044.7616370753124
860,1073.9684364896573,1044.7475597356063
861,1073.9472987157171,1044.733482395899
862,1073.9261609417777,1044.7194050561925
863,1073.905023167837,1044.7053277164869
864,1073.8838853938976,1044.6912503767799
865,1073.8627476199579,1044.6771730370742
866,1073.8416098460173,1044.6630956973672
867,1073.8204720720778,1044.6490183576607
868,1073.799334298138,1044.6349410179537
869,1073.7781965241977,1044.6208636782471
870,1073.757058750257,1044.6067863385406
871,1073.7359209763179,1044.5927089988338
872,1073.7147832023775,1044.578631659128
873,1073.6936454284373,1044.5645543194214
874,1073.672507654499,1044.5504769797146
875,1073.6513698805586,1044.5363996400079
876,1073.6302321066185,1044.522322300302
877,1073.609094332679,1044.5082449605957
878,1073.5879565587386,1044.4941676208884
879,1073.5668187847984,1044.4800902811824
880,1073.545681010858,1044.4660129414758
881,1073.524543236919,1044.4519356017693
882,1073.503405462979,1044.437858262062
883,1073.482267689039,1044.423780922356
884,1073.461129915099,1044.409703582649
885,1073.439992141159,1044.3956262429424
886,1073.418854367219,1044.3815489032365
887,1073.3977165932793,1044.3674715635295
888,1073.376578819339,1044.353394223823
889,1073.3554410454,1044.3393168841162
890,1073.3343032714595,1044.3252395444101
891,1073.3131654975193,1044.3111622047038
892,1073.2920277235792,1044.2970848649968
893,1073.27088994964,1044.2830075252907
894,1073.2497521756998,1044.268930185584
895,1073.2286144017598,1044.2548528458778
896,1073.2074766278201,1044.2407755061708
897,1073.1863388538804,1044.2266981664648
898,1073.1652010799405,1044.2126208267578
899,1073.1440633060001,1044.1985434870512
900,1073.1229255320598,1044.1844661473442
901,1073.10178775812,1044.170388807638
902,1073.0806499841801,1044.156311467932
903,1073.0595122102404,1044.142234128225
904,1073.0383744363003,1044.1281567885185
905,1073.0172366623606,1044.1140794488128
906,1072.9960988884209,1044.100002109106
907,1072.974961114481,1044.0859247694
908,1072.9538233405406,1044.071847429693
909,1072.9326855666004,1044.0577700899858
910,1072.9115477926612,1044.0436927502797
911,1072.890410018721,1044.0296154105731
912,1072.869272244782,1044.015538070866
913,1072.848134470841,1044.001460731159
914,1072.8269966969012,1043.987383391453
915,1072.8058589229615,1043.9733060517474
916,1072.7847211490218,1043.9592287120404
917,1072.763583375082,1043.9451513723336
918,1072.7424456011422,1043.931074032628
919,1072.7213078272014,1043.9169966929205
920,1072.7001700532621,1043.9029193532137
921,1072.6790322793217,1043.8888420135072
922,1072.6578945053818,1043.8747646737997
923,1072.6367567314412,1043.8606873340948
924,1072.6156189575024,1043.846609994388
925,1072.5944811835625,1043.832532654682
926,1072.5733434096219,1043.8184553149752
927,1072.552205635682,1043.8043779752686
928,1072.5310678617427,1043.7903006355614
929,1072.5099300878019,1043.776223295855
930,1072.4887923138626,1043.7621459561494
931,1072.4676545399223,1043.7480686164427
932,1072.4465167659832,1043.7339912767359
933,1072.4253789920435,1043.7199139370293
934,1072.4042412181027,1043.7058365973223
935,1072.383103444163,1043.6917592576174
936,1072.3619656702233,1043.6776819179097
937,1072.3408278962831,1043.6636045782031
938,1072.3196901223437,1043.6495272384966
939,1072.2985523484028,1043.63544989879
940,1072.277414574463,1043.6213725590833
941,1072.2562768005232,1043.6072952193774
942,1072.2351390265835,1043.5932178796706
943,1072.2140012526436,1043.579140539964
944,1072.1928634787032,1043.565063200258
945,1072.171725704764,1043.5509858605508
946,1072.1505879308238,1043.5369085208451
947,1072.1294501568834,1043.522831181138
948,1072.1083123829444,1043.508753841432
949,1072.0871746090043,1043.4946765017244
950,1072.0660368350643,1043.480599162019
951,1072.0448990611249,1043.4665218223117
952,1072.0237612871845,1043.4524444826054
953,1072.0026235132445,1043.4383671428984
954,1071.9814857393046,1043.424289803192
955,1071.9603479653647,1043.410212463486
956,1071.9392101914243,1043.3961351237792
957,1071.9180724174844,1043.3820577840731
958,1071.8969346435454,1043.367980444366
959,1071.8757968696048,1043.3539031046603
960,1071.8546590956653,1043.3398257649537
961,1071.833521321725,1043.3257484252463
962,1071.8123835477854,1043.3116710855395
963,1071.7912457738448,1043.2975937458332
964,1071.7701079999047,1043.2835164061266
965,1071.7489702259656,1043.26943906642
966,1071.7278324520255,1043.2553617267138
967,1071.7066946780856,1043.2412843870077
968,1071.685556904146,1043.2272070473011
969,1071.6644191302053,1043.2131297075946
970,1071.6432813562658,1043.1990523678876
971,1071.6221435823263,1043.1849750281815
972,1071.601005808386,1043.170897688475
973,1071.5798680344462,1043.156820348768
974,1071.5587302605063,1043.1427430090619
975,1071.537592486566,1043.1286656693553
976,1071.5164547126262,1043.1145883296488
977,1071.495316938686,1043.1005109899418
978,1071.4741791647466,1043.086433650236
979,1071.4530413908067,1043.0723563105287
980,1071.4319036168667,1043.0582789708228
981,1071.4107658429273,1043.0442016311167
982,1071.3896280689862,1043.0301242914095
983,1071.3684902950472,1043.016046951703
984,1071.3473525211064,1043.001969611997
985,1071.3262147471664,1042.9878922722894
986,1071.3050769732272,1042.973814932583
987,1071.2839391992873,1042.9597375928763
988,1071.262801425347,1042.9456602531698
989,1071.2416636514076,1042.9315829134637
990,1071.2205258774673,1042.9175055737571
991,1071.1993881035278,1042.9034282340508
992,1071.1782503295876,1042.8893508943438
993,1071.1571125556475,1042.875273554638
994,1071.1359747817075,1042.8611962149305
995,1071.1148370077676,1042.8471188752244
996,1071.0936992338275,1042.8330415355176
997,1071.0725614598878,1042.8189641958113
998,1071.051423685948,1042.8048868561052
999,1071.0302859120084,1042.7908095163987
1000,1071.009148138068,1042.776732176692
1001,1070.9880103641283,1042.7626548369856
1002,1070.966872590188,1042.7485774972781
1003,1070.9457348162482,1042.7345001575723
1004,1070.9245970423087,1042.7204228178653
1005,1070.9034592683688,1042.706345478159
1006,1070.8823214944287,1042.6922681384522
1007,1070.861183720489,1042.6781907987465
1008,1070.8400459465495,1042.6641134590398
1009,1070.8189081726084,1042.6500361193328
1010,1070.7977703986692,1042.6359587796273
1011,1070.7766326247288,1042.6218814399203
1012,1070.7554948507895,1042.607804100214
1013,1070.7343570768496,1042.5937267605073
1014,1070.7132193029095,1042.5796494208005
1015,1070.6920815289693,1042.565572081094
1016,1070.6709437550292,1042.5514947413878
1017,1070.649805981089,1042.5374174016806
1018,1070.6286682071495,1042.5233400619745
1019,1070.6075304332098,1042.5092627222677
1020,1070.5863926592697,1042.4951853825614
1021,1070.5652548853295,1042.4811080428556
1022,1070.5441171113903,1042.467030703148
1023,1070.5229793374501,1042.452953363442
1024,1070.5018415635095,1042.438876023735
1025,1070.4807037895703,1042.4247986840287
1026,1070.4595660156303,1042.4107213443217
1027,1070.4384282416902,1042.396644004615
1028,1070.4172904677503,1042.3825666649093
1029,1070.3961526938106,1042.3684893252025
1030,1070.3750149198706,1042.3544119854964
1031,1070.3538771459303,1042.3403346457897
1032,1070.3327393719915,1042.3262573060833
1033,1070.3116015980506,1042.3121799663766
1034,1070.2904638241114,1042.2981026266693
1035,1070.2693260501703,1042.284025286963
1036,1070.248188276231,1042.269947947257
1037,1070.2270505022914,1042.2558706075502
1038,1070.2059127283508,1042.2417932678434
1039,1070.1847749544113,1042.227715928137
1040,1070.1636371804714,1042.2136385884307
1041,1070.1424994065308,1042.199561248724
1042,1070.1213616325917,1042.1854839090174
1043,1070.1002238586507,1042.1714065693113
1044,1070.0790860847114,1042.1573292296043
1045,1070.0579483107715,1042.1432518898987
1046,1070.0368105368316,1042.1291745501915
1047,1070.0156727628919,1042.1150972104854
1048,1069.9945349889515,1042.101019870778
1049,1069.9733972150118,1042.086942531072
1050,1069.952259441072,1042.072865191365
1051,1069.9311216671326,1042.0587878516583
1052,1069.9099838931922,1042.0447105119526
1053,1069.8888461192523,1042.0306331722459
1054,1069.8677083453122,1042.016555832539
1055,1069.8465705713725,1042.0024784928319
1056,1069.8254327974325,1041.9884011531265
1057,1069.804295023493,1041.9743238134195
1058,1069.7831572495525,1041.9602464737131
1059,1069.7620194756125,1041.9461691340061
1060,1069.7408817016728,1041.9320917942994
1061,1069.719743927733,1041.918014454594
1062,1069.6986061537925,1041.9039371148879
1063,1069.677468379853,1041.8898597751809
1064,1069.6563306059127,1041.8757824354732
1065,1069.6351928319727,1041.861705095767
1066,1069.6140550580335,1041.8476277560603
1067,1069.592917284093,1041.8335504163542
1068,1069.5717795101532,1041.8194730766477
1069,1069.550641736213,1041.805395736941
1070,1069.529503962273,1041.791318397234
1071,1069.5083661883334,1041.7772410575283
1072,1069.487228414394,1041.7631637178215
1073,1069.466090640454,1041.7490863781154
1074,1069.4449528665134,1041.735009038409
1075,1069.4238150925742,1041.7209316987014
1076,1069.4026773186342,1041.7068543589955
1077,1069.3815395446945,1041.6927770192888
1078,1069.360401770754,1041.6786996795822
1079,1069.339263996815,1041.664622339876
1080,1069.3181262228743,1041.6505450001684
1081,1069.2969884489346,1041.6364676604626
1082,1069.2758506749944,1041.6223903207565
1083,1069.2547129010547,1041.60831298105
1084,1069.233575127115,1041.594235641343
1085,1069.2124373531747,1041.5801583016362
1086,1069.1912995792343,1041.5660809619303
1087,1069.1701618052948,1041.552003622224
1088,1069.1490240313547,1041.537926282518
1089,1069.127886257415,1041.52384894281
1090,1069.1067484834755,1041.509771603104
1091,1069.085610709535,1041.4956942633974
1092,1069.0644729355954,1041.4816169236908
1093,1069.043335161656,1041.4675395839845
1094,1069.0221973877149,1041.4534622442782
1095,1069.0010596137756,1041.4393849045712
1096,1068.9799218398355,1041.4253075648649
1097,1068.9587840658958,1041.411230225158
1098,1068.9376462919556,1041.3971528854522
1099,1068.9165085180155,1041.3830755457454
1100,1068.895370744076,1041.3689982060384
1101,1068.8742329701356,1041.3549208663326
1102,1068.8530951961955,1041.3408435266256
1103,1068.8319574222562,1041.3267661869193
1104,1068.810819648316,1041.3126888472127
1105,1068.7896818743761,1041.298611507506
1106,1068.7685441004362,1041.2845341677994
1107,1068.7474063264965,1041.270456828093
1108,1068.7262685525573,1041.2563794883865
1109,1068.7051307786166,1041.24230214868
1110,1068.6839930046772,1041.2282248089732
1111,1068.6628552307366,1041.214147469267
1112,1068.6417174567973,1041.2000701295601
1113,1068.6205796828565,1041.1859927898547
1114,1068.599441908917,1041.1719154501475
1115,1068.5783041349773,1041.1578381104414
1116,1068.5571663610374,1041.1437607707344
1117,1068.5360285870972,1041.1296834310274
1118,1068.514890813157,1041.1156060913218
1119,1068.4937530392172,1041.101528751615
1120,1068.4726152652775,1041.0874514119075
1121,1068.4514774913373,1041.0733740722014
1122,1068.4303397173976,1041.0592967324947
1123,1068.4092019434572,1041.0452193927886
1124,1068.388064169518,1041.0311420530822
1125,1068.366926395578,1041.017064713376
1126,1068.3457886216381,1041.0029873736696
1127,1068.3246508476973,1040.9889100339622
1128,1068.3035130737583,1040.974832694256
1129,1068.2823752998183,1040.960755354549
1130,1068.2612375258784,1040.9466780148427
1131,1068.2400997519385,1040.9326006751364
1132,1068.2189619779983,1040.9185233354297
1133,1068.1978242040586,1040.9044459957227
1134,1068.1766864301187,1040.890368656017
1135,1068.1555486561792,1040.8762913163102
1136,1068.134410882239,1040.8622139766042
1137,1068.113273108299,1040.8481366368974
1138,1068.092135334359,1040.8340592971908
1139,1068.0709975604184,1040.8199819574843
1140,1068.0498597864796,1040.8059046177773
1141,1068.0287220125394,1040.7918272780707
1142,1068.0075842385993,1040.7777499383647
1143,1067.9864464646598,1040.763672598658
1144,1067.965308690719,1040.749595258951
1145,1067.9441709167793,1040.7355179192448
1146,1067.9230331428394,1040.7214405795387
1147,1067.9018953688992,1040.7073632398315
1148,1067.8807575949593,1040.6932859001247
1149,1067.8596198210194,1040.6792085604193
1150,1067.8384820470797,1040.6651312207123
1151,1067.8173442731397,1040.6510538810057
1152,1067.7962064992,1040.6369765412996
1153,1067.7750687252599,1040.6228992015929
1154,1067.7539309513202,1040.608821861886
1155,1067.7327931773805,1040.594744522179
1156,1067.7116554034405,1040.580667182473
1157,1067.6905176295006,1040.5665898427665
1158,1067.6693798555605,1040.55251250306
1159,1067.6482420816205,1040.5384351633538
1160,1067.6271043076813,1040.524357823647
1161,1067.6059665337414,1040.51028048394
1162,1067.584828759801,1040.4962031442335
1163,1067.563690985861,1040.4821258045276
1164,1067.542553211921,1040.4680484648202
1165,1067.5214154379812,1040.453971125114
1166,1067.5002776640404,1040.4398937854078
1167,1067.4791398901011,1040.4258164457015
1168,1067.4580021161605,1040.411739105995
1169,1067.4368643422215,1040.3976617662881
1170,1067.4157265682816,1040.3835844265814
1171,1067.394588794341,1040.3695070868753
1172,1067.3734510204015,1040.355429747168
1173,1067.3523132464613,1040.341352407462
1174,1067.3311754725212,1040.327275067755
1175,1067.3100376985817,1040.3131977280489
1176,1067.2888999246416,1040.2991203883428
1177,1067.2677621507019,1040.285043048636
1178,1067.246624376762,1040.270965708929
1179,1067.2254866028225,1040.256888369223
1180,1067.204348828882,1040.2428110295168
1181,1067.1832110549428,1040.2287336898098
1182,1067.1620732810027,1040.2146563501033
1183,1067.1409355070618,1040.2005790103963
1184,1067.1197977331226,1040.1865016706904
1185,1067.0986599591827,1040.1724243309832
1186,1067.0775221852427,1040.158346991277
1187,1067.0563844113026,1040.144269651571
1188,1067.035246637363,1040.130192311865
1189,1067.0141088634227,1040.1161149721581
1190,1066.9929710894833,1040.1020376324514
1191,1066.9718333155433,1040.0879602927453
1192,1066.9506955416027,1040.0738829530383
1193,1066.9295577676626,1040.059805613331
1194,1066.9084199937236,1040.045728273625
1195,1066.8872822197834,1040.0316509339182
1196,1066.8661444458432,1040.0175735942114
1197,1066.8450066719029,1040.0034962545055
1198,1066.8238688979636,1039.989418914798
1199,1066.8027311240235,1039.9753415750922
1200,1066.7815933500833,1039.9612642353857
1201,1066.7604555761438,1039.947186895679
1202,1066.7393178022037,1039.9331095559728
1203,1066.7181800282638,1039.9190322162663
1204,1066.6970422543234,1039.90495487656
1205,1066.675904480384,1039.890877536853
1206,1066.6547667064442,1039.876800197146
1207,1066.6336289325043,1039.8627228574408
1208,1066.612491158565,1039.8486455177335
1209,1066.5913533846247,1039.8345681780274
1210,1066.5702156106843,1039.8204908383198
1211,1066.5490778367448,1039.8064134986141
1212,1066.5279400628049,1039.7923361589073
1213,1066.5068022888647,1039.7782588192
1214,1066.4856645149248,1039.7641814794947
1215,1066.4645267409846,1039.7501041397877
1216,1066.4433889670452,1039.7360268000816
1217,1066.4222511931048,1039.7219494603746
1218,1066.4011134191649,1039.7078721206683
1219,1066.3799756452245,1039.6937947809622
1220,1066.358837871285,1039.679717441255
1221,1066.3377000973449,1039.6656401015491
1222,1066.3165623234056,1039.651562761842
1223,1066.2954245494657,1039.6374854221347
1224,1066.2742867755255,1039.6234080824295
1225,1066.2531490015856,1039.6093307427227
1226,1066.2320112276457,1039.5952534030162
1227,1066.210873453706,1039.581176063309
1228,1066.1897356797658,1039.5670987236035
1229,1066.1685979058263,1039.5530213838972
1230,1066.147460131886,1039.5389440441895
1231,1066.126322357946,1039.524866704483
1232,1066.1051845840063,1039.510789364777
1233,1066.0840468100662,1039.49671202507
1234,1066.0629090361263,1039.4826346853636
1235,1066.041771262187,1039.4685573456566
1236,1066.020633488247,1039.4544800059505
1237,1065.9994957143067,1039.4404026662442
1238,1065.978357940366,1039.4263253265374
1239,1065.9572201664269,1039.4122479868313
1240,1065.9360823924865,1039.3981706471247
1241,1065.914944618547,1039.3840933074182
1242,1065.8938068446073,1039.3700159677114
1243,1065.8726690706676,1039.3559386280053
1244,1065.851531296727,1039.3418612882986
1245,1065.8303935227866,1039.3277839485925
1246,1065.8092557488474,1039.3137066088852
1247,1065.7881179749077,1039.2996292691782
1248,1065.7669802009675,1039.2855519294721
1249,1065.7458424270278,1039.271474589766
1250,1065.7247046530872,1039.2573972500586
1251,1065.7035668791482,1039.2433199103523
1252,1065.6824291052073,1039.229242570646
1253,1065.6612913312674,1039.2151652309399
1254,1065.6401535573282,1039.2010878912333
1255,1065.6190157833873,1039.1870105515266
1256,1065.5978780094483,1039.17293321182
1257,1065.5767402355077,1039.1588558721135
1258,1065.555602461568,1039.1447785324071
1259,1065.5344646876285,1039.130701192701
1260,1065.5133269136884,1039.1166238529945
1261,1065.4921891397487,1039.1025465132875
1262,1065.4710513658085,1039.0884691735807
1263,1065.4499135918688,1039.0743918338744
1264,1065.4287758179285,1039.0603144941676
1265,1065.4076380439885,1039.0462371544616
1266,1065.386500270049,1039.032159814755
1267,1065.3653624961091,1039.0180824750478
1268,1065.344224722169,1039.0040051353417
1269,1065.3230869482293,1038.9899277956356
1270,1065.282455281246,1038.9300391921986
1271,1065.2366732661494,1038.8580471081918
1272,1065.1908912510532,1038.7860550241828
1273,1065.1451092359564,1038.7140629401754
1274,1065.0993272208598,1038.6420708561668
1275,1065.0535452057636,1038.570078772159
1276,1065.0077631906672,1038.498086688152
1277,1064.9619811755706,1038.4260946041431
1278,1064.9161991604744,1038.3541025201353
1279,1064.8704171453783,1038.2821104361276
1280,1064.824635130281,1038.2101183521197
1281,1064.778853115185,1038.1381262681114
1282,1064.7330711000882,1038.0661341841037
1283,1064.6872890849922,1037.9941421000954
1284,1064.641507069895,1037.9221500160875
1285,1064.5957250547992,1037.8501579320794
1286,1064.5499430397026,1037.778165848071
1287,1064.5041610246058,1037.7061737640638
1288,1064.4583790095096,1037.6341816800557
1289,1064.412596994413,1037.562189596048
1290,1064.366814979317,1037.4901975120392
1291,1064.3210329642206,1037.4182054280325
1292,1064.2752509491233,1037.3462133440241
1293,1064.2294689340272,1037.2742212600162
1294,1064.1836869189306,1037.2022291760077
1295,1064.1379049038342,1037.1302370919996
1296,1064.0921228887375,1037.0582450079921
1297,1064.0463408736412,1036.986252923984
1298,1064.0005588585448,1036.9142608399766
1299,1063.9547768434477,1036.842268755968
1300,1063.9089948283515,1036.7702766719597
1301,1063.8632128132551,1036.698284587952
1302,1063.8174307981583,1036.6262925039437
1303,1063.7716487830626,1036.5543004199358
1304,1063.7258667679657,1036.4823083359277
1305,1063.680084752869,1036.4103162519204
1306,1063.6343027377732,1036.3383241679114
1307,1063.5885207226768,1036.2663320839042
1308,1063.5427387075806,1036.194339999896
1309,1063.4969566924833,1036.122347915888
1310,1063.4511746773871,1036.0503558318799
1311,1063.405392662291,1035.978363747872
1312,1063.3596106471944,1035.9063716638636
1313,1063.3138286320977,1035.8343795798562
1314,1063.2680466170013,1035.7623874958483
1315,1063.2222646019052,1035.690395411841
1316,1063.176482586808,1035.6184033278325
1317,1063.1307005717115,1035.5464112438247
1318,1063.0849185566158,1035.4744191598165
1319,1063.0391365415192,1035.4024270758093
1320,1062.9933545264219,1035.3304349918012
1321,1062.9475725113257,1035.2584429077926
1322,1062.9017904962288,1035.1864508237845
1323,1062.8560084811331,1035.1144587397764
1324,1062.8102264660365,1035.0424666557694
1325,1062.7644444509397,1034.9704745717615
1326,1062.718662435844,1034.898482487753
1327,1062.6728804207469,1034.826490403745
1328,1062.6270984056507,1034.7544983197372
1329,1062.5813163905543,1034.6825062357289
1330,1062.535534375458,1034.6105141517212
1331,1062.4897523603609,1034.5385220677135
1332,1062.4439703452645,1034.466529983706
1333,1062.3981883301683,1034.394537899697
1334,1062.352406315072,1034.3225458156894
1335,1062.306624299976,1034.2505537316813
1336,1062.260842284879,1034.1785616476732
1337,1062.2150602697818,1034.1065695636653
1338,1062.1692782546857,1034.034577479657
1339,1062.1234962395895,1033.96258539565
1340,1062.0777142244926,1033.8905933116414
1341,1062.0319322093967,1033.8186012276335
1342,1061.9861501942999,1033.746609143626
1343,1061.9403681792032,1033.6746170596175
1344,1061.8945861641068,1033.60262497561
1345,1061.8488041490102,1033.530632891602
1346,1061.8030221339147,1033.458640807594
1347,1061.7572401188186,1033.3866487235862
1348,1061.7114581037208,1033.3146566395776
1349,1061.6656760886249,1033.24266455557
1350,1061.6198940735285,1033.1706724715625
1351,1061.5741120584319,1033.0986803875535
1352,1061.5283300433355,1033.0266883035465
1353,1061.4825480282384,1032.9546962195382
1354,1061.4367660131425,1032.8827041355305
1355,1061.390983998046,1032.8107120515226
1356,1061.34520198295,1032.7387199675152
1357,1061.2994199678528,1032.666727883506
1358,1061.2536379527567,1032.5947357994978
1359,1061.20785593766,1032.5227437154906
1360,1061.1620739225639,1032.4507516314825
1361,1061.1162919074673,1032.3787595474744
1362,1061.0705098923704,1032.3067674634663
1363,1061.0247278772747,1032.2347753794584
1364,1060.978945862177,1032.162783295451
1365,1060.9331638470817,1032.090791211443
1366,1060.8873818319846,1032.0187991274356
1367,1060.8415998168887,1031.9468070434268
1368,1060.7958178017918,1031.8748149594185
1369,1060.7500357866954,1031.8028228754104
1370,1060.7042537715988,1031.7308307914025
1371,1060.6584717565029,1031.6588387073948
1372,1060.6126897414063,1031.5868466233865
1373,1060.5669077263087,1031.5148545393788
1374,1060.5211257112132,1031.4428624553702
1375,1060.4753436961164,1031.3708703713626
1376,1060.42956168102,1031.2988782873547
1377,1060.3837796659238,1031.2268862033466
1378,1060.337997650827,1031.1548941193396
1379,1060.2922156357308,1031.0829020353308
1380,1060.246433620634,1031.0109099513231
1381,1060.2006516055378,1030.9389178673146
1382,1060.1548695904416,1030.866925783307
1383,1060.1090875753446,1030.7949336992992
1384,1060.0633055602482,1030.7229416152907
1385,1060.017523545152,1030.6509495312832
1386,1059.9717415300552,1030.5789574472751
1387,1059.9259595149585,1030.5069653632672
1388,1059.8801774998624,1030.434973279259
1389,1059.8343954847658,1030.3629811952517
1390,1059.7886134696691,1030.2909891112436
1391,1059.7428314545734,1030.2189970272357
1392,1059.6970494394766,1030.1470049432273
1393,1059.6512674243795,1030.07501285922
1394,1059.6054854092833,1030.0030207752116
1395,1059.559703394187,1029.9310286912034
1396,1059.5139213790906,1029.859036607196
1397,1059.468139363994,1029.7870445231881
1398,1059.422357348898,1029.7150524391805
1399,1059.3765753338016,1029.6430603551714
1400,1059.3307933187048,1029.5710682711642
1401,1059.2850113036081,1029.4990761871554
1402,1059.2392292885124,1029.427084103148
1403,1059.193447273415,1029.3550920191394
1404,1059.147665258319,1029.283099935132
1405,1059.1018832432226,1029.2111078511246
1406,1059.056101228126,1029.1391157671158
1407,1059.0103192130296,1029.0671236831083
1408,1058.9645371979332,1028.9951315990995
1409,1058.9187551828368,1028.9231395150928
1410,1058.8729731677402,1028.8511474310837
1411,1058.827191152643,1028.7791553470759
1412,1058.7814091375471,1028.7071632630684
1413,1058.7356271224512,1028.6351711790603
1414,1058.6898451073544,1028.5631790950522
1415,1058.644063092257,1028.491187011045
1416,1058.5982810771616,1028.4191949270364
1417,1058.5524990620647,1028.3472028430285
1418,1058.506717046968,1028.2752107590206
1419,1058.4609350318722,1028.2032186750132
1420,1058.4151530167746,1028.1312265910046
1421,1058.3693710016792,1028.0592345069965
1422,1058.3235889865819,1027.987242422989
1423,1058.277806971486,1027.9152503389805
1424,1058.232024956389,1027.843258254973
1425,1058.1862429412927,1027.7712661709652
1426,1058.1404609261967,1027.6992740869568
1427,1058.0946789110997,1027.6272820029483
1428,1058.048896896003,1027.5552899189408
1429,1058.0031148809069,1027.4832978349334
1430,1057.9573328658105,1027.4113057509255
1431,1057.911550850714,1027.3393136669174
1432,1057.865768835617,1027.2673215829088
1433,1057.8199868205215,1027.1953294989014
1434,1057.7742048054247,1027.1233374148933
1435,1057.728422790328,1027.0513453308854
1436,1057.6826407752317,1026.9793532468777
1437,1057.636858760135,1026.9073611628696
1438,1057.5910767450384,1026.835369078862
1439,1057.545294729942,1026.7633769948532
1440,1057.4995127148457,1026.691384910845
1441,1057.4537306997495,1026.6193928268372
1442,1057.4079486846526,1026.547400742829
1443,1057.3621666695565,1026.4754086588212
1444,1057.3163846544599,1026.403416574814
1445,1057.270602639363,1026.3314244908056
1446,1057.2248206242673,1026.2594324067982
1447,1057.1790386091707,1026.1874403227898
1448,1057.133256594074,1026.1154482387815
1449,1057.0874745789774,1026.0434561547738
1450,1057.041692563881,1025.9714640707653
1451,1056.9959105487847,1025.8994719867574
1452,1056.9501285336885,1025.8274799027497
1453,1056.9043465185919,1025.755487818742
1454,1056.858564503495,1025.6834957347332
1455,1056.8127824883982,1025.6115036507258
1456,1056.7670004733027,1025.539511566718
1457,1056.7212184582058,1025.4675194827098
1458,1056.6754364431094,1025.3955273987021
1459,1056.629654428013,1025.3235353146938
1460,1056.5838724129162,1025.2515432306864
1461,1056.5380903978198,1025.1795511466783
1462,1056.4923083827234,1025.1075590626695
1463,1056.446526367627,1025.0355669786618
1464,1056.4007443525302,1024.9635748946541
1465,1056.3549623374338,1024.8915828106467
1466,1056.309180322338,1024.8195907266384
1467,1056.2633983072408,1024.7475986426302
1468,1056.2176162921446,1024.6756065586226
1469,1056.1718342770473,1024.6036144746145
1470,1056.126052261952,1024.5316223906063
1471,1056.0802702468552,1024.4596303065982
1472,1056.034488231759,1024.3876382225906
1473,1055.9887062166624,1024.3156461385831
1474,1055.942924201566,1024.2436540545743
1475,1055.8971421864687,1024.1716619705664
1476,1055.851360171373,1024.0996698865586
1477,1055.8055781562766,1024.0276778025507
1478,1055.7597961411793,1023.9556857185428
1479,1055.7140141260832,1023.8836936345353
1480,1055.668232110987,1023.8117015505275
1481,1055.622450095891,1023.7397094665188
1482,1055.5766680807942,1023.6677173825107
1483,1055.5308860656976,1023.595725298504
1484,1055.4851040506012,1023.5237332144958
1485,1055.4393220355043,1023.4517411304871
1486,1055.3935400204086,1023.3797490464792
1487,1055.3477580053116,1023.3077569624711
1488,1055.3019759902143,1023.235764878463
1489,1055.2561939751188,1023.1637727944551
1490,1055.2104119600226,1023.0917807104474
1491,1055.1646299449249,1023.0197886264398
1492,1055.1188479298296,1022.9477965424314
1493,1055.0730659147328,1022.8758044584235
1494,1055.0272838996361,1022.8038123744153
1495,1054.9815018845404,1022.7318202904077
1496,1054.9357198694431,1022.6598282064003
1497,1054.889937854347,1022.5878361223911
1498,1054.8441558392508,1022.5158440383846
1499,1054.7983738241535,1022.443851954376
1500,1054.7525918090575,1022.3718598703683
1501,1054.7068097939607,1022.2998677863593
1502,1054.6610277788648,1022.2278757023522
1503,1054.6152457637686,1022.1558836183439
1504,1054.5694637486718,1022.0838915343361
1505,1054.523681733575,1022.0118994503272
1506,1054.4778997184785,1021.93990736632
1507,1054.4321177033826,1021.8679152823125
1508,1054.3863356882853,1021.795923198304
1509,1054.3405536731893,1021.7239311142962
1510,1054.294771658093,1021.6519390302877
1511,1054.2489896429965,1021.5799469462805
1512,1054.2032076278995,1021.5079548622717
1513,1054.157425612803,1021.4359627782646
1514,1054.1116435977071,1021.3639706942556
1515,1054.0658615826105,1021.2919786102477
1516,1054.0200795675144,1021.2199865262402
1517,1053.9742975524177,1021.1479944422322
1518,1053.928515537321,1021.0760023582249
1519,1053.8827335222245,1021.0040102742162
1520,1053.8369515071283,1020.932018190208
1521,1053.791169492032,1020.8600261062003
1522,1053.7453874769353,1020.7880340221927
1523,1053.6996054618387,1020.7160419381842
1524,1053.6538234467425,1020.6440498541759
1525,1053.6080414316452,1020.5720577701686
1526,1053.5622594165493,1020.5000656861607
1527,1053.516477401453,1020.4280736021528
1528,1053.470695386357,1020.3560815181445
1529,1053.4249133712597,1020.284089434137
1530,1053.3791313561633,1020.2120973501287
1531,1053.333349341067,1020.1401052661208
1532,1053.2875673259707,1020.068113182112
1533,1053.241785310874,1019.9961210981048
1534,1053.1960032957784,1019.9241290140959
1535,1053.1502212806809,1019.8521369300885
1536,1053.1044392655847,1019.7801448460813
1537,1053.0586572504885,1019.7081527620734
1538,1053.0128752353921,1019.636160678065
1539,1052.9670932202953,1019.5641685940573
1540,1052.9213112051993,1019.4921765100495
1541,1052.8755291901018,1019.4201844260411
1542,1052.8297471750057,1019.3481923420334
1543,1052.7839651599093,1019.2762002580256
1544,1052.7381831448126,1019.2042081740176
1545,1052.6924011297165,1019.1322160900093
1546,1052.6466191146205,1019.0602240060014
1547,1052.600837099523,1018.9882319219939
1548,1052.555055084427,1018.9162398379856
1549,1052.5092730693304,1018.8442477539771
1550,1052.463491054234,1018.7722556699699
1551,1052.4177090391374,1018.7002635859614
1552,1052.3719270240413,1018.628271501954
1553,1052.3261450089444,1018.5562794179458
1554,1052.2803629938478,1018.4842873339381
1555,1052.2345809787516,1018.4122952499296
1556,1052.1887989636546,1018.3403031659221
1557,1052.1430169485586,1018.2683110819138
1558,1052.097234933462,1018.1963189979061
1559,1052.0514529183656,1018.1243269138978
1560,1052.0056709032685,1018.0523348298897
1561,1051.9598888881728,1017.9803427458816
1562,1051.9141068730762,1017.9083506618745
1563,1051.8683248579798,1017.8363585778659
1564,1051.8225428428839,1017.7643664938582
1565,1051.7767608277863,1017.6923744098503
1566,1051.7309788126904,1017.6203823258427
1567,1051.685196797594,1017.5483902418348
1568,1051.6394147824976,1017.4763981578259
1569,1051.5936327674008,1017.4044060738184
1570,1051.5478507523044,1017.3324139898103
1571,1051.5020687372082,1017.2604219058026
1572,1051.4562867221116,1017.1884298217942
1573,1051.410504707016,1017.1164377377869
1574,1051.3647226919186,1017.0444456537791
1575,1051.3189406768229,1016.9724535697708
1576,1051.2731586617258,1016.9004614857624
1577,1051.22737664663,1016.8284694017548
1578,1051.1815946315328,1016.7564773177471
1579,1051.1358126164362,1016.6844852337388
1580,1051.0900306013398,1016.6124931497305
1581,1051.044248586243,1016.5405010657224
1582,1050.9984665711468,1016.4685089817145
1583,1050.9526845560497,1016.3965168977064
1584,1050.9069025409538,1016.3245248136993
1585,1050.8611205258576,1016.2525327296909
1586,1050.8153385107612,1016.180540645683
1587,1050.7695564956648,1016.108548561675
1588,1050.7237744805677,1016.0365564776663
1589,1050.677992465472,1015.9645643936587
1590,1050.6322104503752,1015.8925723096509
1591,1050.5864284352788,1015.8205802256434
1592,1050.5406464201817,1015.7485881416354
1593,1050.4948644050855,1015.6765960576272
1594,1050.4490823899894,1015.6046039736191
1595,1050.4033003748932,1015.5326118896111
1596,1050.3575183597961,1015.4606198056024
1597,1050.3117363447002,1015.3886277215953
1598,1050.2659543296038,1015.3166356375872
1599,1050.2201723145072,1015.244643553579
1600,1050.1743902994106,1015.1726514695723
1601,1050.1286082843142,1015.1006593855635
1602,1050.082826269217,1015.0286673015554
1603,1050.037044254121,1014.9566752175474
1604,1049.9912622390245,1014.8846831335393
1605,1049.9454802239284,1014.812691049531
1606,1049.8996982088315,1014.7406989655238
1607,1049.8539161937354,1014.6687068815158
1608,1049.8081341786387,1014.596714797508
1609,1049.7623521635423,1014.5247227134997
1610,1049.716570148446,1014.4527306294914
1611,1049.6707881333493,1014.3807385454842
1612,1049.6250061182527,1014.3087464614761
1613,1049.5792241031563,1014.2367543774682
1614,1049.5334420880597,1014.1647622934597
1615,1049.487660072964,1014.0927702094518
1616,1049.4418780578671,1014.0207781254437
1617,1049.396096042771,1013.9487860414366
1618,1049.350314027674,1013.8767939574283
1619,1049.3045320125775,1013.8048018734193
1620,1049.258749997481,1013.7328097894126
1621,1049.2129679823843,1013.6608177054037
1622,1049.1671859672886,1013.5888256213966
1623,1049.1214039521915,1013.5168335373879
1624,1049.0756219370949,1013.4448414533808
1625,1049.0298399219982,1013.3728493693724
1626,1048.984057906902,1013.3008572853647
1627,1048.9382758918055,1013.228865201357
1628,1048.8924938767086,1013.1568731173487
1629,1048.8467118616134,1013.0848810333406
1630,1048.8009298465163,1013.0128889493326
1631,1048.75514783142,1012.9408968653245
1632,1048.7093658163228,1012.8689047813168
1633,1048.663583801227,1012.7969126973089
1634,1048.6178017861303,1012.7249206133013
1635,1048.5720197710343,1012.6529285292929
1636,1048.5262377559372,1012.5809364452842
1637,1048.4804557408413,1012.5089443612771
1638,1048.4346737257447,1012.4369522772696
1639,1048.3888917106478,1012.3649601932609
1640,1048.3431096955517,1012.2929681092534
1641,1048.297327680455,1012.2209760252449
1642,1048.251545665359,1012.1489839412369
1643,1048.2057636502616,1012.0769918572289
1644,1048.1599816351657,1012.0049997732211
1645,1048.114199620069,1011.9330076892131
1646,1048.0684176049729,1011.8610156052052
1647,1048.0226355898762,1011.7890235211981
1648,1047.9768535747796,1011.717031437189
1649,1047.9310715596832,1011.6450393531817
1650,1047.8852895445868,1011.5730472691739
1651,1047.8395075294904,1011.5010551851656
1652,1047.7937255143945,1011.4290631011571
1653,1047.7479434992974,1011.3570710171489
1654,1047.7021614842006,1011.2850789331417
1655,1047.656379469105,1011.2130868491336
1656,1047.6105974540078,1011.1410947651248
1657,1047.5648154389116,1011.0691026811179
1658,1047.5190334238148,1010.9971105971096
1659,1047.4732514087186,1010.9251185131018
1660,1047.427469393622,1010.8531264290939
1661,1047.3816873785256,1010.781134345086
1662,1047.3359053634297,1010.7091422610774
1663,1047.2901233483326,1010.6371501770693
1664,1047.2443413332367,1010.5651580930619
1665,1047.1985593181396,1010.4931660090533
1666,1047.1527773030439,1010.4211739250458
1667,1047.106995287947,1010.3491818410381
1668,1047.0612132728506,1010.2771897570301
1669,1047.015431257754,1010.205197673022
1670,1046.9696492426579,1010.133205589014
1671,1046.923867227561,1010.0612135050063
1672,1046.8780852124646,1009.9892214209981
1673,1046.8323031973684,1009.91722933699
1674,1046.7865211822714,1009.8452372529819
1675,1046.7407391671752,1009.7732451689741
1676,1046.6949571520788,1009.7012530849655
1677,1046.6491751369824,1009.6292610009581
1678,1046.6033931218853,1009.55726891695
1679,1046.5576111067892,1009.4852768329429
1680,1046.511829091693,1009.4132847489349
1681,1046.4660470765964,1009.341292664927
1682,1046.4202650615,1009.2693005809178
1683,1046.3744830464034,1009.197308496911
1684,1046.3287010313065,1009.1253164129032
1685,1046.2829190162104,1009.0533243288943
1686,1046.237137001114,1008.9813322448869
1687,1046.1913549860178,1008.9093401608786
1688,1046.145572970921,1008.8373480768707
1689,1046.0997909558246,1008.7653559928626
1690,1046.0540089407277,1008.6933639088545
1691,1046.0082269256316,1008.6213718248467
1692,1045.9624449105352,1008.5493797408392
1693,1045.913650071075,1008.4767551697399
1694,1045.8580795367989,1008.4027081660712
1695,1045.802509002523,1008.328661162401
1696,1045.7469384682463,1008.2546141587319
1697,1045.6913679339707,1008.1805671550625
1698,1045.635797399695,1008.1065201513942
1699,1045.5802268654184,1008.0324731477248
1700,1045.524656331142,1007.9584261440549
1701,1045.4690857968665,1007.884379140386
1702,1045.4135152625904,1007.8103321367173
1703,1045.3579447283146,1007.7362851330478
1704,1045.3023741940385,1007.6622381293786
1705,1045.2468036597625,1007.5881911257095
1706,1045.1912331254866,1007.5141441220402
1707,1045.1356625912103,1007.4400971183711
1708,1045.080092056934,1007.3660501147015
1709,1045.024521522658,1007.2920031110332
1710,1044.9689509883822,1007.2179561073626
1711,1044.913380454106,1007.143909103694
1712,1044.85780991983,1007.0698621000241
1713,1044.8022393855535,1006.9958150963555
1714,1044.746668851278,1006.9217680926862
1715,1044.6910983170017,1006.8477210890167
1716,1044.6355277827258,1006.7736740853474
1717,1044.5799572484495,1006.699627081678
1718,1044.5243867141737,1006.6255800780098
1719,1044.468816179898,1006.55153307434
1720,1044.413245645622,1006.4774860706707
1721,1044.3576751113458,1006.4034390670015
1722,1044.3021045770693,1006.3293920633326
1723,1044.2465340427927,1006.2553450596638
1724,1044.190963508518,1006.1812980559943
1725,1044.1353929742418,1006.1072510523245
1726,1044.079822439966,1006.0332040486556
1727,1044.024251905689,1005.9591570449865
1728,1043.9686813714138,1005.8851100413173
1729,1043.9131108371375,1005.8110630376474
1730,1043.8575403028606,1005.7370160339786
1731,1043.8019697685852,1005.6629690303093
1732,1043.7463992343096,1005.5889220266404
1733,1043.690828700033,1005.51487502297
1734,1043.6352581657575,1005.4408280193012
1735,1043.5796876314812,1005.3667810156326
1736,1043.5241170972056,1005.2927340119636
1737,1043.468546562929,1005.2186870082941
1738,1043.4129760286528,1005.1446400046249
1739,1043.357405494377,1005.070593000955
1740,1043.3018349601011,1004.9965459972868
1741,1043.2462644258246,1004.9224989936166
1742,1043.1906938915492,1004.8484519899478
1743,1043.1351233572727,1004.7744049862785
1744,1043.0795528229964,1004.7003579826089
1745,1043.0239822887206,1004.6263109789403
1746,1042.9684117544448,1004.5522639752702
1747,1042.9128412201685,1004.4782169716016
1748,1042.8572706858922,1004.4041699679328
1749,1042.8017001516168,1004.3301229642635
1750,1042.7461296173406,1004.2560759605941
1751,1042.690559083064,1004.1820289569247
1752,1042.6349885487882,1004.1079819532555
1753,1042.5794180145126,1004.0339349495871
1754,1042.5238474802363,1003.9598879459171
1755,1042.4682769459605,1003.8858409422486
1756,1042.4127064116842,1003.8117939385784
1757,1042.3571358774084,1003.7377469349093
1758,1042.3015653431323,1003.6636999312399
1759,1042.2459948088563,1003.589652927571
1760,1042.1904242745804,1003.5156059239014
1761,1042.134853740304,1003.4415589202325
1762,1042.079283206028,1003.3675119165624
1763,1042.023712671752,1003.293464912894
1764,1041.9681421374762,1003.2194179092248
1765,1041.9125716032,1003.1453709055561
1766,1041.8570010689239,1003.0713239018868
1767,1041.8014305346474,1002.9972768982174
1768,1041.745860000372,1002.9232298945471
1769,1041.6902894660955,1002.8491828908783
1770,1041.6347189318194,1002.7751358872098
1771,1041.5791483975433,1002.7010888835405
1772,1041.5235778632675,1002.6270418798707
1773,1041.4680073289917,1002.5529948762012
1774,1041.4124367947156,1002.4789478725331
1775,1041.3568662604398,1002.4049008688628
1776,1041.3012957261637,1002.3308538651941
1777,1041.245725191887,1002.256806861525
1778,1041.1901546576112,1002.182759857856
1779,1041.1345841233351,1002.108712854186
1780,1041.0790135890595,1002.0346658505164
1781,1041.023443054783,1001.9606188468473
1782,1040.9678725205072,1001.8865718431784
1783,1040.9123019862313,1001.8125248395095
1784,1040.856731451955,1001.7384778358397
1785,1040.8011609176797,1001.664430832171
1786,1040.7455903834032,1001.5903838285013
1787,1040.6900198491267,1001.5163368248325
1788,1040.6344493148515,1001.442289821163
1789,1040.578878780575,1001.3682428174939
1790,1040.5233082462987,1001.294195813825
1791,1040.4677377120229,1001.2201488101565
1792,1040.4121671777468,1001.146101806486
1793,1040.356596643471,1001.0720548028169
1794,1040.3010261091947,1000.9980077991474
1795,1040.2454555749182,1000.9239607954785
1796,1040.1898850406424,1000.8499137918093
1797,1040.134314506367,1000.7758667881402
1798,1040.0787439720903,1000.7018197844714
1799,1040.023173437814,1000.6277727808024
1800,1039.9676029035381,1000.5537257771325
1801,1039.9120323692623,1000.4796787734631
1802,1039.8564618349865,1000.4056317697942
1803,1039.8008913007097,1000.3315847661244
1804,1039.7453207664341,1000.2575377624557
1805,1039.6897502321578,1000.1834907587855
1806,1039.6341796978818,1000.1094437551168
1807,1039.5786091636057,1000.0353967514478
1808,1039.52303862933,999.9613497477791
1809,1039.467468095054,999.8873027441094
1810,1039.4118975607776,999.8132557404401
1811,1039.356327026502,999.7392087367712
1812,1039.300756492226,999.6651617331023
1813,1039.2451859579496,999.5911147294319
1814,1039.1896154236742,999.5170677257632
1815,1039.1340448893975,999.4430207220948
1816,1039.0784743551221,999.368973718425
1817,1039.0229038208452,999.2949267147561
1818,1038.9673332865696,999.2208797110867
1819,1038.9117627522935,999.1468327074173
1820,1038.8561922180174,999.0727857037487
1821,1038.8006216837412,998.9987387000788
1822,1038.7450511494658,998.9246916964104
1823,1038.689480615189,998.85064469274
1824,1038.6339100809132,998.7765976890713
1825,1038.5783395466374,998.7025506854011
1826,1038.5227690123613,998.6285036817324
1827,1038.4671984780855,998.5544566780627
1828,1038.4116279438094,998.4804096743949
1829,1038.356057409533,998.4063626707251
1830,1038.3004868752573,998.3323156670556
1831,1038.2449163409808,998.2582686633865
1832,1038.189345806705,998.1842216597164
1833,1038.1337752724291,998.110174656048
1834,1038.078204738153,998.0361276523786
1835,1038.022634203877,997.9620806487098
1836,1037.9670636696007,997.8880336450401
1837,1037.911493135325,997.8139866413709
1838,1037.8559226010498,997.7399396377009
1839,1037.8003520667728,997.6658926340331
1840,1037.7447815324967,997.5918456303634
1841,1037.6892109982207,997.5177986266939
1842,1037.6336404639449,997.4437516230248
1843,1037.578069929669,997.3697046193555
1844,1037.5224993953925,997.2956576156868
1845,1037.4669288611167,997.2216106120168
1846,1037.4113583268409,997.1475636083478
1847,1037.3557877925646,997.0735166046787
1848,1037.3002172582883,996.9994696010095
1849,1037.2446467240122,996.9254225973407
1850,1037.1890761897362,996.8513755936713
1851,1037.1335056554608,996.777328590002
1852,1037.077935121184,996.7032815863328
1853,1037.0223645869078,996.6292345826635
1854,1036.9667940526326,996.5551875789942
1855,1036.911223518356,996.4811405753252
1856,1036.8556529840803,996.4070935716557
1857,1036.8000824498033,996.3330465679865
1858,1036.744511915528,996.2589995643164
1859,1036.688941381252,996.1849525606477
1860,1036.6333708469754,996.1109055569785
1861,1036.5778003126995,996.03685855331
1862,1036.5222297784242,995.9628115496407
1863,1036.4666592441476,995.8887645459714
1864,1036.411088709872,995.8147175423012
1865,1036.355518175596,995.7406705386326
1866,1036.2999476413192,995.6666235349629
1867,1036.244377107044,995.5925765312945
1868,1036.1888065727676,995.5185295276249
1869,1036.1332360384913,995.4444825239559
1870,1036.0776655042155,995.3704355202866
1871,1036.0220949699396,995.2963885166179
1872,1035.9665244356636,995.2223415129474
1873,1035.910953901387,995.1482945092788
1874,1035.8553833671115,995.07424750561
1875,1035.7998128328359,995.0002005019401
1876,1035.7442422985594,994.9261534982712
1877,1035.688671764283,994.8521064946013
1878,1035.6331012300066,994.7780594909325
1879,1035.577530695731,994.7040124872635
1880,1035.5219601614554,994.6299654835943
1881,1035.4663896271793,994.5559184799246
1882,1035.4108190929028,994.4818714762557
1883,1035.3552485586272,994.4078244725864
1884,1035.299678024351,994.333777468917
1885,1035.2441074900748,994.2597304652477
1886,1035.1885369557983,994.1856834615783
1887,1035.132966421523,994.1116364579099
1888,1035.0773958872464,994.0375894542404
1889,1035.0218253529706,993.9635424505708
1890,1034.9662548186943,993.8894954469017
1891,1034.910684284419,993.815448443233
1892,1034.8551137501427,993.7414014395636
1893,1034.7995432158664,993.6673544358943
1894,1034.7439726815912,993.593307432225
1895,1034.6884021473147,993.5192604285552
1896,1034.6328316130384,993.4452134248863
1897,1034.577261078762,993.3711664212171
1898,1034.5216905444856,993.2971194175481
1899,1034.4661200102103,993.2230724138789
1900,1034.4105494759344,993.14902541021
1901,1034.3549789416586,993.0749784065404
1902,1034.2994084073819,993.000931402871
1903,1034.243837873106,992.9268843992023
1904,1034.1882673388297,992.8528373955323
1905,1034.1326968045535,992.7787903918634
1906,1034.077126270278,992.704743388194
1907,1034.021555736002,992.6306963845259
1908,1033.965985201726,992.5566493808562
1909,1033.91041466745,992.4826023771866
1910,1033.8548441331739,992.4085553735177
1911,1033.7992735988976,992.334508369848
1912,1033.743703064622,992.2604613661791
1913,1033.6881325303455,992.1864143625098
1914,1033.6325619960692,992.1123673588406
1915,1033.576991461794,992.038320355171
1916,1033.5214209275177,991.9642733515021
1917,1033.465850393241,991.8902263478326
1918,1033.4102798589656,991.8161793441632
1919,1033.3547093246896,991.7421323404942
1920,1033.299138790413,991.6680853368246
1921,1033.243568256137,991.5940383331557
1922,1033.1879977218618,991.5199913294862
1923,1033.1324271875858,991.4459443258172
1924,1033.076856653309,991.3718973221487
1925,1033.0212861190328,991.2978503184793
1926,1032.9657155847574,991.2238033148092
1927,1032.910145050481,991.1497563111405
1928,1032.8545745162046,991.0757093074712
1929,1032.7990039819288,991.0016623038019
1930,1032.7434334476536,990.9276153001329
1931,1032.6878629133769,990.8535682964637
1932,1032.632292379101,990.7795212927946
1933,1032.5767218448252,990.7054742891249
1934,1032.5211513105482,990.631427285456
1935,1032.4655807762729,990.5573802817867
1936,1032.4100102419966,990.4833332781177
1937,1032.3544397077205,990.4092862744487
1938,1032.2988691734447,990.3352392707787
1939,1032.2432986391689,990.2611922671092
1940,1032.187728104893,990.1871452634404
1941,1032.1321575706168,990.1130982597715
1942,1032.076587036341,990.0390512561019
1943,1032.0210165020642,989.9650042524329
1944,1031.9654459677884,989.8909572487628
1945,1031.9098754335125,989.8169102450943
1946,1031.8543048992367,989.742863241425
1947,1031.7987343649602,989.6688162377559
1948,1031.7431638306841,989.5947692340869
1949,1031.687593296408,989.520722230417
1950,1031.6320227621327,989.4466752267479
1951,1031.5764522278564,989.3726282230783
1952,1031.5208816935794,989.2985812194096
1953,1031.465311159304,989.2245342157407
1954,1031.4097406250278,989.1504872120712
1955,1031.3541700907517,989.0764402084019
1956,1031.2985995564757,989.0023932047326
1957,1031.2430290221998,988.9283462010636
1958,1031.1874584879233,988.8542991973944
1959,1031.1318879536482,988.7802521937256
1960,1031.0763174193721,988.7062051900559
1961,1031.0207468850951,988.6321581863872
1962,1030.9651763508198,988.5581111827172
1963,1030.9096058165435,988.4840641790479
1964,1030.854035282268,988.4100171753781
1965,1030.7984647479916,988.3359701717097
1966,1030.742894213715,988.2619231680408
1967,1030.687323679439,988.1878761643717
1968,1030.631753145164,988.1138291607023
1969,1030.576182610887,988.0397821570325
1970,1030.5206120766115,987.9657351533635
1971,1030.4650415423353,987.8916881496945
1972,1030.4094710080594,987.8176411460253
1973,1030.3539004737834,987.7435941423561
1974,1030.2983299395073,987.6695471386867
1975,1030.2427594052317,987.5955001350179
1976,1030.1871888709547,987.5214531313486
1977,1030.1316183366787,987.447406127679
1978,1030.0760478024029,987.3733591240095
1979,1030.020477268127,987.2993121203409
1980,1029.964906733851,987.2252651166716
1981,1029.9093361995754,987.1512181130024
1982,1029.8537656652989,987.0771711093328
1983,1029.7981951310226,987.0031241056639
1984,1029.742624596747,986.9290771019945
1985,1029.6870540624711,986.8550300983251
1986,1029.631483528195,986.7809830946559
1987,1029.5759129939183,986.7069360909869
1988,1029.5203424596427,986.6328890873178
1989,1029.4647719253667,986.5588420836485
1990,1029.4092013910904,986.4847950799789
1991,1029.3536308568143,986.4107480763097
1992,1029.2980603225378,986.3367010726407
1993,1029.242489788262,986.2626540689716
1994,1029.1869192539862,986.1886070653022
1995,1029.1313487197108,986.1145600616326
1996,1029.0757781854343,986.0405130579642
1997,1029.0202076511582,985.9664660542941
1998,1028.9646371168822,985.8924190506252
1999,1028.9090665826063,985.8183720469561
2000,1028.8534960483303,985.7443250432874
2001,1028.797925514054,985.6702780396175
2002,1028.7423549797786,985.5962310359486
2003,1028.6867844455019,985.5221840322793
2004,1028.6312139112265,985.4481370286096
2005,1028.575643376949,985.3740900249409
2006,1028.5200728426732,985.3000430212712
2007,1028.4645023083979,985.2259960176021
2008,1028.4089317741216,985.1519490139325
2009,1028.3533612398455,985.0779020102635
2010,1028.29779070557,985.0038550065942
2011,1028.2422201712939,984.9298080029248
2012,1028.1866496370174,984.8557609992556
2013,1028.1310791027415,984.7817139955868
2014,1028.0755085684655,984.7076669919173
2015,1028.0199380341892,984.6336199882479
2016,1027.9643674999134,984.5595729845793
2017,1027.908796965637,984.4855259809098
2018,1027.8532264313615,984.411478977241
2019,1027.7976558970852,984.3374319735716
2020,1027.742085362809,984.2633849699025
2021,1027.6865148285337,984.1893379662331
2022,1027.6309442942577,984.1152909625644
2023,1027.5753737599812,984.041243958894
2024,1027.5198032257051,983.9671969552256
2025,1027.4642326914293,983.8931499515564
2026,1027.408662157153,983.8191029478874
2027,1027.3530916228772,983.7450559442175
2028,1027.297521088601,983.6710089405491
2029,1027.241950554325,983.5969619368797
2030,1027.1863800200485,983.52291493321
2031,1027.1308094857727,983.4488679295401
2032,1027.075238951497,983.3748209258715
2033,1027.019668417221,983.3007739222023
2034,1026.9640978829448,983.226726918533
2035,1026.9085273486687,983.1526799148633
2036,1026.8529568143927,983.0786329111945
2037,1026.7973862801166,983.004585907525
2038,1026.739714617897,982.9360371643435
2039,1026.6819449855225,982.8677447908112
2040,1026.6241753531474,982.79945241728
2041,1026.5664057207728,982.7311600437481
2042,1026.5086360883977,982.6628676702167
2043,1026.450866456023,982.5945752966843
2044,1026.3930968236484,982.5262829231535
2045,1026.3353271912736,982.457990549622
2046,1026.2775575588983,982.3896981760894
2047,1026.2197879265236,982.3214058025582
2048,1026.1620182941483,982.2531134290258
2049,1026.1042486617735,982.1848210554946
2050,1026.0464790293988,982.1165286819627
2051,1025.9887093970237,982.0482363084316
2052,1025.930939764649,981.9799439348998
2053,1025.873170132274,981.9116515613678
2054,1025.8154004998996,981.8433591878367
2055,1025.7576308675243,981.7750668143049
2056,1025.6998612351492,981.7067744407732
2057,1025.6420916027748,981.6384820672413
2058,1025.5843219703995,981.5701896937097
2059,1025.5265523380244,981.5018973201782
2060,1025.4687827056505,981.4336049466461
2061,1025.4110130732752,981.365312573115
2062,1025.3532434409005,981.2970201995827
2063,1025.2954738085248,981.2287278260513
2064,1025.2377041761504,981.1604354525197
2065,1025.1799345437753,981.0921430789879
2066,1025.1221649114004,981.0238507054561
2067,1025.0643952790253,980.9555583319241
2068,1025.0066256466507,980.8872659583924
2069,1024.948856014276,980.8189735848607
2070,1024.8910863819015,980.7506812113293
2071,1024.8333167495255,980.6823888377979
2072,1024.7755471171515,980.6140964642659
2073,1024.7177774847762,980.5458040907345
2074,1024.6600078524013,980.4775117172031
2075,1024.6022382200265,980.4092193436713
2076,1024.5444685876519,980.3409269701393
2077,1024.486698955276,980.272634596607
2078,1024.4289293229021,980.2043422230762
2079,1024.371159690527,980.1360498495442
2080,1024.3133900581522,980.0677574760124
2081,1024.2556204257776,979.9994651024807
2082,1024.1978507934027,979.931172728949
2083,1024.1400811610272,979.8628803554172
2084,1024.0823115286528,979.794587981886
2085,1024.024541896278,979.7262956083542
2086,1023.9667722639028,979.6580032348227
2087,1023.9090026315279,979.5897108612912
2088,1023.8512329991534,979.5214184877598
2089,1023.7934633667782,979.4531261142276
2090,1023.7356937344036,979.3848337406957
2091,1023.6779241020283,979.3165413671643
2092,1023.6201544696536,979.2482489936331
2093,1023.562384837279,979.1799566201007
2094,1023.5046152049036,979.1116642465689
2095,1023.4468455725286,979.0433718730377
2096,1023.3890759401544,978.9750794995058
2097,1023.3313063077795,978.9067871259746
2098,1023.2735366754044,978.8384947524426
2099,1023.2157670430296,978.7702023789112
2100,1023.1579974106538,978.7019100053794
2101,1023.1002277782793,978.6336176318478
2102,1023.0424581459043,978.5653252583161
2103,1022.9846885135298,978.4970328847841
2104,1022.9269188811558,978.4287405112525
2105,1022.8691492487803,978.3604481377207
2106,1022.8113796164052,978.2921557641888
2107,1022.7536099840303,978.2238633906576
2108,1022.6958403516553,978.1555710171259
2109,1022.6380707192804,978.0872786435939
2110,1022.5803010869056,978.0189862700619
2111,1022.522531454531,977.9506938965307
2112,1022.4647618221562,977.8824015229992
2113,1022.4069921897808,977.8141091494671
2114,1022.3492225574057,977.7458167759353
2115,1022.2914529250311,977.6775244024035
2116,1022.2336832926563,977.609232028872
2117,1022.1759136602816,977.5409396553407
2118,1022.1181440279065,977.4726472818086
2119,1022.0603743955318,977.4043549082766
2120,1022.002604763157,977.3360625347451
2121,1021.9448351307819,977.2677701612139
2122,1021.8870654984074,977.199477787682
2123,1021.8292958660321,977.1311854141513
2124,1021.7715262336573,977.0628930406191
2125,1021.7137566012827,976.9946006670875
2126,1021.6559869689074,976.9263082935549
2127,1021.5982173365322,976.8580159200237
2128,1021.5404477041576,976.7897235464924
2129,1021.482678071783,976.7214311729606
2130,1021.424908439408,976.6531387994291
2131,1021.3671388070327,976.584846425897
2132,1021.3093691746577,976.5165540523656
2133,1021.2515995422824,976.4482616788338
2134,1021.1938299099089,976.3799693053016
2135,1021.1360602775331,976.3116769317696
2136,1021.0782906451583,976.2433845582387
2137,1021.0205210127831,976.1750921847074
2138,1020.9627513804087,976.1067998111756
2139,1020.9049817480336,976.0385074376435
2140,1020.8472121156589,975.9702150641131
2141,1020.7894424832838,975.9019226905799
2142,1020.7316728509096,975.8336303170486
2143,1020.6739032185341,975.765337943516
2144,1020.6161335861598,975.697045569985
2145,1020.5583639537846,975.6287531964533
2146,1020.5005943214096,975.5604608229223
2147,1020.4428246890346,975.4921684493902
2148,1020.3850550566599,975.423876075859
2149,1020.3272854242848,975.3555837023265
2150,1020.2695157919101,975.2872913287946
2151,1020.2117461595352,975.2189989552634
2152,1020.1539765271599,975.1507065817315
2153,1020.0962068947853,975.0824142082002
2154,1020.0384372624109,975.0141218346682
2155,1019.9806676300356,974.9458294611361
2156,1019.9228979976613,974.8775370876054
2157,1019.8651283652863,974.8092447140731
2158,1019.8073587329113,974.7409523405418
2159,1019.7495891005362,974.6726599670101
2160,1019.6918194681615,974.6043675934786
2161,1019.6340498357863,974.536075219947
2162,1019.5762802034116,974.467782846415
2163,1019.5185105710374,974.399490472883
2164,1019.4607409386617,974.3311980993519
2165,1019.4029713062872,974.2629057258201
2166,1019.3452016739129,974.1946133522885
2167,1019.2874320415367,974.1263209787563
2168,1019.229662409162,974.0580286052253
2169,1019.1718927767871,973.9897362316932
2170,1019.1141231444127,973.9214438581618
2171,1019.0563535120375,973.8531514846295
2172,1018.9985838796628,973.7848591110981
2173,1018.9408142472879,973.7165667375666
2174,1018.8830446149129,973.6482743640347
2175,1018.8252749825381,973.5799819905035
2176,1018.7675053501636,973.5116896169708
2177,1018.709735717788,973.4433972434399
2178,1018.6519660854137,973.3751048699082
2179,1018.5941964530386,973.3068124963767
2180,1018.5364268206639,973.2385201228445
2181,1018.4786571882885,973.1702277493126
2182,1018.4208875559134,973.101935375781
2183,1018.3631179235394,973.0336430022492
2184,1018.3053482911639,972.9653506287183
2185,1018.2475786587892,972.8970582551866
2186,1018.189809026414,972.8287658816544
2187,1018.1320393940392,972.7604735081236
2188,1018.0742697616647,972.6921811345911
2189,1018.0165001292894,972.6238887610604
2190,1017.9587304969149,972.5555963875281
2191,1017.90096086454,972.4873040139967
2192,1017.8431912321643,972.4190116404649
2193,1017.7854215997902,972.3507192669332
2194,1017.7276519674153,972.2824268934019
2195,1017.6698823350399,972.2141345198689
2196,1017.6121127026656,972.145842146338
2197,1017.5543430702901,972.0775497728067
2198,1017.4965734379155,972.0092573992752
2199,1017.4388038055406,971.9409650257431
2200,1017.3810341731667,971.872672652211
2201,1017.3232645407908,971.80438027868
2202,1017.265494908416,971.7360879051475
2203,1017.2077252760408,971.6677955316161
2204,1017.1499556436664,971.5995031580843
2205,1017.0921860112909,971.5312107845526
2206,1017.0344163789165,971.4629184110213
2207,1016.9766467465416,971.3946260374896
2208,1016.9188771141671,971.3263336639576
2209,1016.8611074817918,971.2580412904261
2210,1016.8033378494166,971.1897489168945
2211,1016.7455682170423,971.1214565433622
2212,1016.6877985846673,971.0531641698309
2213,1016.6300289522917,970.9848717962998
2214,1016.5722593199173,970.9165794227678
2215,1016.5144896875424,970.8482870492365
2216,1016.4567200551678,970.7799946757038
2217,1016.3989504227932,970.7117023021723
2218,1016.341180790418,970.6434099286415
2219,1016.2834111580436,970.5751175551089
2220,1016.2256415256683,970.5068251815779
2221,1016.1678718932933,970.4385328080458
2222,1016.1101022609186,970.3702404345149
2223,1016.0523326285435,970.3019480609825
2224,1015.9945629961688,970.233655687451
2225,1015.936793363794,970.1653633139199
2226,1015.879023731419,970.0970709403877
2227,1015.821254099044,970.0287785668559
2228,1015.763484466669,969.9604861933237
2229,1015.7057148342942,969.8921938197934
2230,1015.6479452019192,969.8239014462612
2231,1015.5901755695447,969.7556090727297
2232,1015.5324059371698,969.6873166991975
2233,1015.4746363047946,969.6190243256656
2234,1015.4168666724197,969.5507319521339
2235,1015.3590970400447,969.4824395786025
2236,1015.3013274076696,969.4141472050707
2237,1015.2435577752955,969.3458548315396
2238,1015.1857881429202,969.2775624580077
2239,1015.1280185105453,969.2092700844755
2240,1015.0702488781704,969.1409777109437
2241,1015.0124792457962,969.072685337412
2242,1014.954709613421,969.0043929638808
2243,1014.8969399810464,968.9361005903486
2244,1014.8391703486708,968.8678082168174
2245,1014.7814007162959,968.7995158432855
2246,1014.7236310839212,968.7312234697544
2247,1014.6658614515467,968.6629310962217
2248,1014.6080918191709,968.5946387226909
2249,1014.5503221867966,968.5263463491586
2250,1014.4925525544214,968.4580539756271
2251,1014.4347829220467,968.3897616020956
2252,1014.377013289672,968.3214692285644
2253,1014.319243657297,968.253176855033
2254,1014.2614740249217,968.1848844815003
2255,1014.2037043925471,968.1165921079694
2256,1014.145934760172,968.0482997344376
2257,1014.0881651277972,967.9800073609058
2258,1014.0303954954226,967.9117149873737
2259,1013.9726258630477,967.8434226138423
2260,1013.9148562306723,967.7751302403109
2261,1013.8570865982979,967.7068378667789
2262,1013.7993169659228,967.6385454932473
2263,1013.7415473335483,967.5702531197161
2264,1013.6837777011729,967.5019607461837
2265,1013.6260080687981,967.4336683726526
2266,1013.5682384364235,967.365375999121
2267,1013.5104688040484,967.2970836255892
2268,1013.4526991716734,967.228791252057
2269,1013.3949295392983,967.1604988785249
2270,1013.3371599069233,967.0922065049937
2271,1013.2793902745491,967.0239141314618
2272,1013.2216206421738,966.9556217579308
2273,1013.1638510097988,966.8873293843981
2274,1013.1060813774237,966.8190370108664
2275,1013.0483117450489,966.7507446373352
2276,1012.9905421126742,966.6824522638041
2277,1012.9327724802996,966.6141598902715
2278,1012.8750028479245,966.5458675167395
2279,1012.8172332155499,966.477575143209
2280,1012.7594635831747,966.4092827696763
2281,1012.7016939508005,966.3409903961451
2282,1012.6439243184249,966.2726980226139
2283,1012.5861546860502,966.2044056490819
2284,1012.5283850536756,966.1361132755502
2285,1012.4706154213005,966.0678209020184
2286,1012.4128457889254,965.9995285284868
2287,1012.3550761565507,965.9312361549546
2288,1012.2973065241761,965.8629437814234
2289,1012.2395368918009,965.7946514078918
2290,1012.1817672594261,965.7263590343608
2291,1012.1239976270512,965.658066660829
2292,1012.0662279946772,965.5897742872968
2293,1012.0084583623016,965.5214819137649
2294,1011.9506887299269,965.4531895402331
2295,1011.892919097552,965.3848971667013
2296,1011.8351494651773,965.3166047931702
2297,1011.7773798328019,965.2483124196377
2298,1011.7196102004272,965.1800200461067
2299,1011.6618405680524,965.1117276725751
2300,1011.6040709356774,965.0434352990432
2301,1011.5463013033029,964.9751429255119
2302,1011.4885316709278,964.9068505519795
2303,1011.4307620385529,964.8385581784486
2304,1011.3729924061779,964.7702658049164
2305,1011.3152227738029,964.7019734313842
2306,1011.257453141428,964.6336810578532
2307,1011.1996835090526,964.5653886843211
2308,1011.1419138766781,964.49709631079
2309,1011.0841442443033,964.428803937258
2310,1011.0263746119289,964.3605115637265
2311,1010.9686049795541,964.2922191901952
2312,1010.9108353471779,964.223926816663
2313,1010.8530657148042,964.1556344431316
2314,1010.7952960824289,964.0873420695997
2315,1010.7375264500545,964.0190496960685
2316,1010.6797568176795,963.9507573225362
2317,1010.6219871853044,963.8824649490049
2318,1010.5642175529298,963.8141725754724
2319,1010.5064479205546,963.7458802019412
2320,1010.4486782881793,963.6775878284101
2321,1010.3909086558051,963.6092954548776
2322,1010.3331390234296,963.5410030813464
2323,1010.2753693910546,963.4727107078147
2324,1010.2175997586795,963.4044183342828
2325,1010.1598301263053,963.3361259607515
2326,1010.1020604939307,963.2678335872199
2327,1010.044290861555,963.1995412136877
2328,1009.9865212291804,963.131248840156
2329,1009.9287515968056,963.0629564666248
2330,1009.8709819644305,962.994664093093
2331,1009.8132123320557,962.9263717195613
2332,1009.755442699681,962.8580793460294
2333,1009.6976730673064,962.7897869724982
2334,1009.6399034349314,962.7214945989664
2335,1009.5821338025565,962.6532022254339
2336,1009.5243641701808,962.5849098519027
2337,1009.4665945378069,962.5166174783715
2338,1009.4088249054313,962.4483251048398
2339,1009.351055273057,962.380032731308
2340,1009.293285640682,962.3117403577762
2341,1009.2355160083063,962.2434479842445
2342,1009.1777463759322,962.1751556107127
2343,1009.1199767435572,962.1068632371808
2344,1009.0622071111818,962.0385708636495
2345,1009.0044374788074,961.9702784901177
2346,1008.9466678464324,961.9019861165865
2347,1008.8888982140575,961.8336937430546
2348,1008.8311285816822,961.7654013695227
2349,1008.7733589493076,961.6971089959912
2350,1008.7155893169327,961.6288166224591
2351,1008.6578196845584,961.5605242489274
2352,1008.6000500521832,961.4922318753967
2353,1008.5422804198087,961.4239395018641
2354,1008.4845107874332,961.3556471283324
2355,1008.4267411550584,961.287354754801
2356,1008.3689715226836,961.219062381269
2357,1008.3112018903091,961.1507700077382
2358,1008.2534322579344,961.0824776342057
2359,1008.1956626255583,961.0141852606745
2360,1008.1378929931836,960.9458928871428
2361,1008.0801233608094,960.8776005136111
2362,1008.022353728434,960.8093081400792
2363,1007.9645840960594,960.7410157665475
2364,1007.9068144636847,960.6727233930158
2365,1007.8490448313095,960.6044310194843
2366,1007.7912751989344,960.5361386459521
2367,1007.7335055665599,960.4678462724207
2368,1007.6757359341851,960.399553898889
2369,1007.6179663018097,960.3312615253575
2370,1007.5601966694354,960.2629691518255
2371,1007.5024270370601,960.1946767782939
2372,1007.4446574046857,960.126384404762
2373,1007.3868877723103,960.0580920312303
2374,1007.3291181399361,959.9897996576991
2375,1007.2713485075603,959.9215072841675
2376,1007.2135788751859,959.853214910636
2377,1007.1558092428107,959.7849225371036
2378,1007.0980396104368,959.7166301635727
2379,1007.0402699780616,959.6483377900406
2380,1006.9825003456863,959.5800454165089
2381,1006.9247307133118,959.511753042978
2382,1006.8673921936958,959.4470522025803
2383,1006.8103373797609,959.3847148699427
2384,1006.7532825658263,959.3223775373051
2385,1006.6962277518913,959.2600402046676
2386,1006.6391729379562,959.1977028720294
2387,1006.5821181240208,959.1353655393917
2388,1006.5250633100858,959.0730282067547
2389,1006.468008496151,959.010690874116
2390,1006.4109536822165,958.9483535414785
2391,1006.3538988682811,958.8860162088413
2392,1006.2968440543464,958.823678876203
2393,1006.239789240411,958.7613415435648
2394,1006.1827344264766,958.6990042109275
2395,1006.1256796125414,958.636666878289
2396,1006.0686247986068,958.574329545651
2397,1006.0115699846717,958.5119922130137
2398,1005.9545151707365,958.4496548803758
2399,1005.8974603568022,958.3873175477379
2400,1005.8404055428673,958.3249802151
2401,1005.7833507289317,958.2626428824619
2402,1005.726295914997,958.2003055498237
2403,1005.6692411010622,958.1379682171861
2404,1005.6121862871269,958.0756308845492
2405,1005.5551314731925,958.0132935519107
2406,1005.498076659257,957.950956219273
2407,1005.4410218453221,957.8886188866356
2408,1005.3839670313868,957.8262815539975
2409,1005.3269122174524,957.7639442213599
2410,1005.2698574035174,957.701606888722
2411,1005.2128025895821,957.6392695560845
2412,1005.155747775647,957.5769322234465
2413,1005.0986929617125,957.5145948908087
2414,1005.0416381477779,957.4522575581709
2415,1004.9845833338419,957.3899202255325
2416,1004.9275285199071,957.3275828928951
2417,1004.8704737059727,957.2652455602573
2418,1004.8134188920377,957.202908227619
2419,1004.7563640781024,957.140570894982
2420,1004.6993092641678,957.0782335623442
2421,1004.642254450233,957.0158962297064
2422,1004.5851996362983,956.9535588970688
2423,1004.5281448223626,956.8912215644305
2424,1004.4710900084281,956.8288842317926
2425,1004.414035194493,956.7665468991553
2426,1004.356980380558,956.7042095665173
2427,1004.2999255666225,956.6418722338796
2428,1004.2428707526883,956.5795349012415
2429,1004.1858159387534,956.5171975686038
2430,1004.128761124818,956.4548602359657
2431,1004.0717063108833,956.3925229033281
2432,1004.0146514969485,956.3301855706907
2433,1003.9575966830134,956.2678482380531
2434,1003.9005418690784,956.2055109054147
2435,1003.8434870551439,956.1431735727771
2436,1003.7864322412086,956.080836240139
2437,1003.7293774272732,956.0184989075011
2438,1003.6723226133387,955.9561615748638
2439,1003.6152677994037,955.893824242226
2440,1003.5582129854687,955.8314869095876
2441,1003.5011581715332,955.7691495769499
2442,1003.4441033575987,955.7068122443118
2443,1003.3870485436636,955.644474911674
2444,1003.3299937297293,955.5821375790365
2445,1003.2729389157935,955.5198002463995
2446,1003.2158841018587,955.4574629137614
2447,1003.1588292879242,955.3951255811229
2448,1003.1017744739888,955.3327882484853
2449,1003.0447196600545,955.2704509158477
2450,1002.9876648461192,955.2081135832099
2451,1002.9306100321842,955.1457762505722
2452,1002.8735552182495,955.083438917934
2453,1002.816500404314,955.0211015852967
2454,1002.7594455903796,954.9587642526583
2455,1002.7023907764441,954.8964269200209
2456,1002.6453359625095,954.8340895873828
2457,1002.5882811485742,954.7717522547446
2458,1002.5312263346397,954.7094149221076
2459,1002.4741715207043,954.6470775894695
2460,1002.4171167067694,954.5847402568319
2461,1002.3600618928347,954.5224029241945
2462,1002.3030070789001,954.4600655915559
2463,1002.2459522649648,954.3977282589191
2464,1002.1888974510293,954.3353909262802
2465,1002.1318426370947,954.2730535936428
2466,1002.0747878231599,954.2107162610048
2467,1002.0177330092247,954.148378928367
2468,1001.96067819529,954.0860415957294
2469,1001.903623381355,954.0237042630913
2470,1001.8465685674199,953.9613669304537
2471,1001.789513753485,953.899029597816
2472,1001.7324589395495,953.8366922651782
2473,1001.6754041256153,953.7743549325406
2474,1001.6183493116806,953.7120175999024
2475,1001.561294497745,953.6496802672646
2476,1001.5042396838099,953.5873429346263
2477,1001.4471848698752,953.5250056019886
2478,1001.3901300559401,953.4626682693513
2479,1001.3330752420048,953.400330936713
2480,1001.2760204280703,953.3379936040758
2481,1001.2189656141356,953.275656271437
2482,1001.1619108002006,953.2133189387995
2483,1001.1048559862655,953.1509816061622
2484,1001.0478011723308,953.0886442735244
2485,1000.9907463583954,953.0263069408869
2486,1000.9336915444608,952.9639696082488
2487,1000.8766367305255,952.9016322756107
2488,1000.8195819165907,952.8392949429733
2489,1000.7625271026559,952.7769576103348
2490,1000.7054722887209,952.7146202776975
2491,1000.6484174747856,952.6522829450595
2492,1000.591362660851,952.5899456124223
2493,1000.5343078469159,952.5276082797836
2494,1000.4772530329806,952.4652709471459
2495,1000.420198219046,952.402933614508
2496,1000.3631434051115,952.3405962818703
2497,1000.3060885911764,952.2782589492325
2498,1000.2490337772414,952.2159216165946
2499,1000.1919789633063,952.153584283957
2500,1000.1349241493713,952.0912469513194
2501,1000.0778693354364,952.0289096186815
2502,1000.0208145215015,951.9665722860442
2503,999.9637597075673,951.904234953406
2504,999.9067048936317,951.8418976207691
2505,999.8496500796964,951.7795602881303
2506,999.7925952657616,951.7172229554925
2507,999.7355404518265,951.6548856228553
2508,999.6784856378918,951.5925482902172
2509,999.6214308239571,951.5302109575794
2510,999.5643760100214,951.467873624941
2511,999.507321196087,951.4055362923033
2512,999.4502663821519,951.3431989596661
2513,999.393211568217,951.2808616270281
2514,999.3361567542815,951.2185242943902
2515,999.279101940347,951.1561869617524
2516,999.222047126412,951.093849629115
2517,999.164992312477,951.0315122964766
2518,999.1079374985421,950.9691749638392
2519,999.0508826846068,950.9068376312009
2520,998.9938278706726,950.8445002985628
2521,998.9367730567374,950.7821629659254
2522,998.8797182428024,950.7198256332873
2523,998.8226634288677,950.6574883006494
2524,998.7656086149325,950.5951509680123
2525,998.7085538009976,950.5328136353743
2526,998.6514989870617,950.4704763027361
2527,998.5944441731275,950.4081389700985
2528,998.537389359193,950.3458016374603
2529,998.4803345452578,950.2834643048235
2530,998.4232797313229,950.2211269721852
2531,998.3662249173877,950.1587896395472
2532,998.309170103453,950.0964523069096
2533,998.2521152895179,950.0341149742716
2534,998.1950604755825,949.9717776416342
2535,998.1380056616476,949.909440308996
2536,998.0809508477126,949.8471029763581
2537,998.023896033778,949.7847656437203
2538,997.9668412198433,949.7224283110825
2539,997.9097864059079,949.660090978445
2540,997.8527315919727,949.5977536458068
2541,997.7956767780389,949.535416313169
2542,997.7386219641036,949.4730789805315
2543,997.6815671501674,949.4107416478936
2544,997.6245123362337,949.3484043152562
2545,997.5674575222988,949.2860669826184
2546,997.5104027083636,949.2237296499802
2547,997.4533478944282,949.1613923173421
2548,997.396293080493,949.0990549847045
2549,997.3392382665584,949.0367176520665
2550,997.2821834526239,948.974380319429
2551,997.225128638689,948.9120429867913
2552,997.1680738247542,948.8497056541531
2553,997.1110190108188,948.7873683215154
2554,997.0539641968837,948.7250309888775
2555,996.9969093829487,948.6626936562394
2556,996.9398545690138,948.600356323602
2557,996.8827997550786,948.5380189909641
2558,996.8257449411437,948.4756816583264
2559,996.768690127209,948.4133443256882
2560,996.7116353132736,948.3510069930508
2561,996.6545804993385,948.2886696604131
2562,996.5975256854045,948.2263323277748
2563,996.540470871469,948.1639949951377
2564,996.483416057534,948.1016576624986
2565,996.4263612435991,948.039320329862
2566,996.3693064296647,947.9769829972241
2567,996.3122516157292,947.9146456645863
2568,996.2551968017947,947.852308331948
2569,996.1981419878597,947.78997099931
2570,996.1410871739243,947.7276336666724
2571,996.0840323599899,947.6652963340349
2572,996.026977546054,947.6029590013968
2573,995.9699227321194,947.5406216687599
2574,995.9128679181845,947.4782843361219
2575,995.8558131042497,947.4159470034836
2576,995.7987582903145,947.3536096708458
2577,995.7417034763797,947.2912723382078
2578,995.6846486624447,947.2289350055704
2579,995.62759384851,947.1665976729331
2580,995.5705390345752,947.1042603402948
2581,995.5134842206398,947.041923007656
2582,995.4564294067045,946.9795856750194
2583,995.3993745927702,946.9172483423815
2584,995.3423197788352,946.8549110097434
2585,995.2852649649,946.7925736771058
2586,995.2282101509655,946.7302363444682
2587,995.1711553370305,946.6678990118306
2588,995.1141005230961,946.6055616791928
2589,995.0570457091603,946.5432243465543
2590,994.9999908952252,946.4808870139165
2591,994.9429360812906,946.4185496812788
2592,994.8858812673553,946.3562123486414
2593,994.8288264534206,946.2938750160031
2594,994.7717716394852,946.231537683365
2595,994.7147168255507,946.1692003507275
2596,994.6576620116159,946.1068630180899
2597,994.6006071976808,946.0445256854514
2598,994.5435523837459,945.9821883528145
2599,994.4864975698109,945.9198510201763
2600,994.4294427558762,945.857513687538
2601,994.3723879419416,945.795176354901
2602,994.3153331280057,945.7328390222631
2603,994.2582783140709,945.6705016896249
2604,994.2012235001362,945.6081643569878
2605,994.1441686862015,945.5458270243487
2606,994.0871138722663,945.4834896917121
2607,994.030059058331,945.421152359074
2608,993.9730042443969,945.3588150264362
2609,993.9159494304611,945.296477693798
2610,993.8588946165268,945.2341403611601
2611,993.8018398025916,945.1718030285227
2612,993.7447849886569,945.1094656958844
2613,993.6877301747213,945.0471283632468
2614,993.6306753607868,944.9847910306094
2615,993.5736205468517,944.9224536979713
2616,993.5165657329167,944.8601163653332
2617,993.4595109189818,944.7977790326955
2618,993.4024561050468,944.7354417000578
2619,993.3454012911114,944.6731043674196
2620,993.2883464771766,944.6107670347827
2621,993.2312916632416,944.5484297021444
2622,993.1742368493067,944.4860923695064
2623,993.1171820353719,944.4237550368692
2624,993.0601272214368,944.3614177042309
2625,993.0030724075019,944.2990803715928
2626,992.9460175935671,944.236743038956
2627,992.8889627796322,944.1744057063182
2628,992.8319079656973,944.112068373679
2629,992.7748531517623,944.0497310410422
2630,992.7177983378273,943.9873937084043
2631,992.6607435238922,943.9250563757658
2632,992.6036887099576,943.862719043129
2633,992.5466338960224,943.8003817104909
2634,992.4895790820873,943.7380443778528
2635,992.4325242681526,943.675707045215
2636,992.3754694542172,943.6133697125771
2637,992.3184146402826,943.5510323799397
2638,992.2613598263479,943.488695047301
2639,992.2043050124126,943.4263577146639
2640,992.1472501984786,943.3640203820262
2641,992.0901953845428,943.3016830493882
2642,992.033140570608,943.2393457167503
2643,991.9760857566729,943.1770083841122
2644,991.9190309427381,943.1146710514748
2645,991.8619761288032,943.0523337188365
2646,991.804921314868,942.9899963861993
2647,991.747866500933,942.9276590535608
2648,991.6908116869979,942.8653217209238
2649,991.633756873063,942.8029843882857
2650,991.5767020591284,942.7406470556476
2651,991.5196472451934,942.6783097230096
2652,991.462592431258,942.6159723903723
2653,991.4055376173233,942.5536350577345
2654,991.3484828033887,942.491297725097
2655,991.2914279894538,942.4289603924586
2656,991.2343731755183,942.3666230598217
2657,991.1773183615834,942.3042857271838
2658,991.1202635476487,942.2419483945458
2659,991.0632087337136,942.1796110619077
2660,991.006153919779,942.1172737292704
2661,990.9490991058442,942.0549363966328
2662,990.8920442919085,941.9925990639948
2663,990.8349894779736,941.9302617313567
2664,990.777934664039,941.8679243987182
2665,990.7208798501041,941.8055870660811
2666,990.6638250361685,941.7432497334424
2667,990.6067702222341,941.6809124008055
2668,990.5497154082988,941.618575068168
2669,990.492660594364,941.5562377355292
2670,990.4356057804293,941.4939004028922
2671,990.3785509664937,941.4315630702541
2672,990.3214961525589,941.3692257376158
2673,990.2644413386242,941.3068884049787
2674,990.2073865246891,941.2445510723405
2675,990.1503317107544,941.1822137397029
2676,990.0932768968196,941.1198764070655
2677,990.036222082884,941.0575390744267
2678,989.9791672689489,940.995201741789
2679,989.9221124550143,940.9328644091516
2680,989.8650576410797,940.8705270765139
2681,989.8080028271443,940.8081897438757
2682,989.7509480132097,940.7458524112382
2683,989.6938931992746,940.6835150786001
2684,989.6368383853395,940.6211777459627
2685,989.5797835714045,940.5588404133248
2686,989.5227287574696,940.4965030806866
2687,989.4656739435352,940.4341657480493
2688,989.4086191295997,940.3718284154114
2689,989.351564315665,940.3094910827732
2690,989.2945095017299,940.2471537501359
2691,989.2374546877948,940.1848164174979
2692,989.18039987386,940.1224790848601
2693,989.123345059925,940.0601417522221
2694,989.0662902459901,939.9978044195847
2695,989.0092354320554,939.9354670869466
2696,988.9521806181203,939.8731297543087
2697,988.8951258041855,939.8107924216708
2698,988.8380709902501,939.7484550890334
2699,988.7810161763155,939.6861177563951
2700,988.7239613623806,939.6237804237575
2701,988.6669065484455,939.56144309112
2702,988.6098517345102,939.4991057584818
2703,988.5527969205748,939.4367684258441
2704,988.4957421066404,939.3744310932065
2705,988.4386872927057,939.3120937605678
2706,988.3816324787706,939.2497564279308
2707,988.3245776648354,939.1874190952926
2708,988.2675228509011,939.1250817626552
2709,988.210468036966,939.0627444300169
2710,988.1534132230307,939.0004070973793
2711,988.0963584090963,938.9380697647412
2712,988.0393035951611,938.8757324321037
2713,987.9822487812257,938.8133950994664
2714,987.925193967291,938.7510577668286
2715,987.8681391533563,938.6887204341903
2716,987.8110843394213,938.6263831015528
2717,987.7540295254862,938.5640457689154
2718,987.6969747115519,938.5017084362765
2719,987.6399198976168,938.4393711036389
2720,987.5828650836814,938.377033771001
2721,987.5258102697463,938.3146964383637
2722,987.4687554558117,938.2523591057253
2723,987.4117006418768,938.1900217730878
2724,987.3546458279415,938.1276844404501
2725,987.2975910140065,938.0653471078125
2726,987.240893659617,938.0040590054241
2727,987.1852643147226,937.9459057692928
2728,987.1296349698277,937.8877525331609
2729,987.0740056249332,937.8295992970296
2730,987.0183762800376,937.7714460608992
2731,986.9627469351426,937.7132928247676
2732,986.9071175902491,937.6551395886362
2733,986.8514882453533,937.5969863525046
2734,986.7958589004585,937.5388331163732
2735,986.7402295555636,937.4806798802422
2736,986.684600210669,937.4225266441107
2737,986.6289708657742,937.3643734079798
2738,986.5733415208796,937.3062201718485
2739,986.5177121759854,937.248066935717
2740,986.4620828310902,937.1899136995863
2741,986.4064534861951,937.1317604634545
2742,986.3508241413001,937.0736072273235
2743,986.2951947964056,937.0154539911922
2744,986.2395654515109,936.957300755061
2745,986.1839361066162,936.8991475189298
2746,986.1283067617211,936.8409942827981
2747,986.0726774168263,936.7828410466678
2748,986.0170480719312,936.7246878105364
2749,985.9614187270364,936.6665345744043
2750,985.9057893821417,936.6083813382742
2751,985.850160037247,936.5502281021421
2752,985.7945306923524,936.4920748660106
2753,985.7389013474575,936.4339216298798
2754,985.6832720025625,936.3757683937483
2755,985.6276426576679,936.317615157617
2756,985.5720133127734,936.2594619214857
2757,985.5163839678788,936.2013086853548
2758,985.4607546229835,936.1431554492242
2759,985.4051252780881,936.0850022130923
2760,985.3494959331941,936.0268489769607
2761,985.293866588299,935.96869574083
2762,985.238237243404,935.9105425046995
2763,985.1826078985094,935.8523892685677
2764,985.1269785536141,935.7942360324366
2765,985.0713492087198,935.7360827963053
2766,985.0157198638243,935.677929560174
2767,984.9600905189299,935.6197763240423
2768,984.9044611740347,935.5616230879115
2769,984.8488318291412,935.5034698517795
2770,984.7932024842456,935.4453166156483
2771,984.7375731393513,935.3871633795173
2772,984.6819437944567,935.329010143386
2773,984.6263144495622,935.2708569072548
2774,984.5706851046666,935.2127036711236
2775,984.5150557597716,935.1545504349917
2776,984.4594264148772,935.0963971988617
2777,984.4037970699819,935.0382439627303
2778,984.3481677250876,934.9800907265989
2779,984.292538380193,934.9219374904674
2780,984.2369090352979,934.8637842543361
2781,984.1812796904031,934.8056310182047
2782,984.1256503455081,934.7474777820732
2783,984.0700210006135,934.6893245459423
2784,984.0143916557189,934.6311713098113
2785,983.9587623108241,934.5730180736799
2786,983.903132965929,934.5148648375484
2787,983.8475036210344,934.4567116014176
2788,983.7918742761397,934.3985583652864
2789,983.7362449312451,934.3404051291551
2790,983.6806155863494,934.2822518930242
2791,983.6249862414552,934.2240986568917
2792,983.5693568965598,934.1659454207615
2793,983.5137275516659,934.1077921846295
2794,983.4580982067705,934.049638948498
2795,983.402468861876,933.991485712368
2796,983.3468395169815,933.9333324762365
2797,983.2912101720863,933.875179240105
2798,983.2355808271913,933.8170260039735
2799,983.1799514822969,933.7588727678431
2800,983.1243221374019,933.700719531711
2801,983.0686927925074,933.6425662955797
2802,983.0130634476119,933.5844130594488
2803,982.9574341027173,933.5262598233173
2804,982.9018047578226,933.4681065871865
2805,982.8461754129277,933.4099533510555
2806,982.7905460680325,933.3518001149233
2807,982.7349167231386,933.2936468787923
2808,982.6792873782431,933.2354936426608
2809,982.6236580333483,933.1773404065301
2810,982.5680286884538,933.1191871703986
2811,982.5123993435587,933.0610339342672
2812,982.4567699986642,933.0028806981362
2813,982.4011406537699,932.9447274620048
2814,982.345511308874,932.8865742258733
2815,982.2898819639793,932.8284209897424
2816,982.2342526190849,932.7702677536117
2817,982.1786232741906,932.7121145174805
2818,982.1229939292948,932.6539612813482
2819,982.0673645844005,932.5958080452176
2820,982.0117352395059,932.5376548090862
2821,981.9561058946108,932.4795015729551
2822,981.9004765497159,932.4213483368242
2823,981.8448472048212,932.3631951006925
2824,981.7892178599268,932.3050418645615
2825,981.7335885150324,932.2468886284303
2826,981.6779591701368,932.1887353922989
2827,981.6223298252419,932.1305821561676
2828,981.5667004803471,932.0724289200367
2829,981.511071135453,932.0142756839049
2830,981.4554417905581,931.9561224477739
2831,981.3998124456631,931.897969211643
2832,981.3441831007677,931.8398159755116
2833,981.2885537558733,931.7816627393801
2834,981.2329244109785,931.7235095032486
2835,981.1772950660838,931.6653562671178
2836,981.1216657211885,931.607203030986
2837,981.0660363762939,931.5490497948556
2838,981.0104070313992,931.4908965587243
2839,980.9547776865045,931.4327433225924
2840,980.8991483416096,931.3745900864607
2841,980.8435189967147,931.3164368503295
2842,980.7878896518201,931.2582836141993
2843,980.7322603069252,931.2001303780676
2844,980.676630962031,931.1419771419361
2845,980.6210016171359,931.0838239058049
2846,980.565372272241,931.0256706696741
2847,980.5097429273455,930.9675174335424
2848,980.4541135824511,930.9093641974115
2849,980.3984842375564,930.8512109612805
2850,980.3428548926611,930.793057725149
2851,980.2872255477665,930.7349044890178
2852,980.2315962028724,930.6767512528862
2853,980.1759668579771,930.6185980167548
2854,980.1203375130827,930.5604447806244
2855,980.0647081681875,930.5022915444929
2856,980.0090788232926,930.4441383083612
2857,979.9534494783978,930.3859850722304
2858,979.8978201335027,930.3278318360985
2859,979.8421907886088,930.2696785999677
2860,979.7865614437136,930.2115253638362
2861,979.7309320988193,930.1533721277052
2862,979.6753027539244,930.0952188915741
2863,979.6196734090295,930.0370656554428
2864,979.5640440641344,929.9789124193118
2865,979.50841471924,929.9207591831803
2866,979.4527853743455,929.8626059470486
2867,979.3971560294497,929.8044527109171
2868,979.341526684555,929.7462994747862
2869,979.2858973396609,929.6881462386553
2870,979.2302679947659,929.6299930025244
2871,979.1746386498711,929.5718397663926
2872,979.119009304976,929.5136865302621
2873,979.0633799600812,929.4555332941303
2874,979.0077506151863,929.3973800579992
2875,978.9521212702913,929.3392268218679
2876,978.896491925397,929.2810735857364
2877,978.840862580502,929.2229203496053
2878,978.7852332356072,929.1647671134735
2879,978.7296038907126,929.106613877343
2880,978.6739745458175,929.0484606412116
2881,978.6183452009232,928.99030740508
2882,978.5627158560278,928.9321541689487
2883,978.507086511133,928.8740009328175
2884,978.4514571662386,928.8158476966859
2885,978.3958278213438,928.7576944605552
2886,978.3401984764484,928.6995412244245
2887,978.2845691315536,928.6413879882932
2888,978.2289397866591,928.5832347521615
2889,978.1733104417642,928.5250815160305
2890,978.1176810968705,928.466928279899
2891,978.0620517519745,928.4087750437676
2892,978.0064224070799,928.3506218076359
2893,977.9507930621852,928.2924685715053
2894,977.8951637172902,928.2343153353739
2895,977.8395343723954,928.1761620992426
2896,977.7839050275005,928.1180088631119
2897,977.7282756826056,928.0598556269802
2898,977.6726463377115,928.001702390849
2899,977.6170169928162,927.9435491547181
2900,977.561387647922,927.8853959185866
2901,977.5057583030267,927.8272426824547
2902,977.4501289581319,927.7690894463238
2903,977.3944996132374,927.7109362101932
2904,977.338870268342,927.6527829740617
2905,977.2832409234474,927.5946297379305
2906,977.2276115785529,927.5364765017989
2907,977.1719822336576,927.4783232656682
2908,977.1163528887631,927.4201700295365
2909,977.0607235438684,927.3620167934051
2910,977.0050941989733,927.303863557274
2911,976.9494648540782,927.2457103211425
2912,976.893835509184,927.1875570850115
2913,976.8382061642891,927.1294038488799
2914,976.7825768193942,927.071250612749
2915,976.7269474744998,927.0130973766178
2916,976.6713181296053,926.9549441404861
2917,976.6156887847098,926.8967909043553
2918,976.5600594398148,926.838637668224
2919,976.5044300949204,926.7804844320927
2920,976.4488007500254,926.7223311959615
2921,976.3931714051308,926.6641779598306
2922,976.3375420602357,926.6060247236987
2923,976.2819127153414,926.5478714875679
2924,976.2262833704461,926.4897182514371
2925,976.1706540255516,926.4315650153048
2926,976.1150246806565,926.3734117791748
2927,976.0593953357619,926.3152585430429
2928,976.0037659908668,926.2571053069119
2929,975.948136645972,926.1989520707803
2930,975.8925073010772,926.1407988346489
2931,975.8368779561828,926.0826455985176
2932,975.7812486112877,926.0244923623869
2933,975.7256192663928,925.9663391262546
2934,975.6699899214982,925.9081858901243
2935,975.6143605766033,925.8500326539929
2936,975.5587312317082,925.791879417861
2937,975.5031018868134,925.7337261817308
2938,975.4474725419188,925.6755729455994
2939,975.3918431970243,925.6174197094681
2940,975.3362138521297,925.5592664733365
2941,975.2805845072348,925.5011132372055
2942,975.2249551623398,925.4429600010737
2943,975.1693258174453,925.3848067649425
2944,975.1136964725499,925.326653528812
2945,975.0580671276554,925.2685002926805
2946,975.002437782761,925.2103470565489
2947,974.9468084378658,925.1521938204173
2948,974.8911790929714,925.0940405842867
2949,974.8355497480762,925.0358873481548
2950,974.7799204031816,924.9777341120242
2951,974.7242910582863,924.9195808758928
2952,974.6686617133921,924.8614276397617
2953,974.6130323684973,924.8032744036303
2954,974.5574030236021,924.7451211674988
2955,974.5017736787074,924.6869679313681
2956,974.4461443338124,924.6288146952371
2957,974.390514988918,924.5706614591052
2958,974.3348856440232,924.5125082229742
2959,974.2792562991281,924.4543549868429
2960,974.2236269542333,924.396201750712
2961,974.1679976093383,924.3380485145806
2962,974.1123682644435,924.2798952784494
2963,974.0567389195488,924.2217420423182
2964,974.0011095746543,924.1635888061869
2965,973.9454802297596,924.1054355700556
2966,973.8898508848646,924.0472823339239
2967,973.8342215399698,923.9891290977927
2968,973.7785921950748,923.9309758616613
2969,973.7229628501797,923.872822625531
2970,973.6673335052857,923.8146693893988
2971,973.6117041603908,923.7565161532682
2972,973.5560748154962,923.6983629171367
2973,973.5004454706009,923.6402096810052
2974,973.4448161257063,923.5820564448741
2975,973.3891867808115,923.5239032087428
2976,973.3335574359163,923.4657499726126
2977,973.2779280910217,923.4075967364803
2978,973.2222987461269,923.3494435003488
2979,973.1666694012323,923.2912902642178
2980,973.1110400563374,923.2331370280871
2981,973.0554107114428,923.1749837919556
2982,972.9997813665475,923.1168305558241
2983,972.9441520216527,923.0586773196928
2984,972.8885226767583,923.0005240835616
2985,972.832893331863,922.9423708474305
2986,972.7772639869684,922.8842176112993
2987,972.7216346420738,922.826064375168
2988,972.6660052971796,922.7679111390368
2989,972.6103759522845,922.7097579029056
2990,972.5547466073891,922.6516046667742
2991,972.499117262494,922.593451430643
2992,972.4434879175999,922.5352981945122
2993,972.3878585727051,922.4771449583802
2994,972.3322292278102,922.4189917222491
2995,972.2765998829151,922.3608384861179
2996,972.2209705380208,922.3026852499871
2997,972.1653411931259,922.2445320138557
2998,972.109711848231,922.186378777724
2999,972.0540825033361,922.1282255415935
3000,971.9984531584414,922.070072305462
3001,971.9428238135466,922.0119190693307
3002,971.8871944686518,921.9537658331992
3003,971.831565123757,921.8956125970677
3004,971.7759357788622,921.837459360937
3005,971.7203064339674,921.7793061248057
3006,971.6646770890726,921.7211528886738
3007,971.6090477441776,921.6629996525431
3008,971.5534183992827,921.6048464164119
3009,971.4977890543881,921.5466931802803
3010,971.4421597094936,921.4885399441491
3011,971.3865303645985,921.4303867080179
3012,971.3309010197034,921.3722334718867
3013,971.2752716748089,921.3140802357552
3014,971.2196423299144,921.2559269996241
3015,971.1640129850192,921.1977737634929
3016,971.1083836401242,921.1396205273621
3017,971.0527542952299,921.0814672912308
3018,970.9971249503351,921.0233140550989
3019,970.9414956054401,920.965160818968
3020,970.8858662605453,920.9070075828362
3021,970.8302369156505,920.8488543467053
3022,970.7746075707558,920.7907011105741
3023,970.718978225861,920.7325478744432
3024,970.6633488809659,920.6743946383122
3025,970.6077195360715,920.6162414021807
3026,970.5520901911767,920.5580881660495
3027,970.4964608462819,920.4999349299177
3028,970.4408315013868,920.4417816937869
3029,970.385202156492,920.3836284576556
3030,970.3295728115972,920.3254752215245
3031,970.2739434667026,920.2673219853928
3032,970.2183141218076,920.2091687492617
3033,970.162684776913,920.1510155131302
3034,970.1070554320179,920.0928622769997
3035,970.0514260871229,920.034709040868
3036,969.9957967422282,919.9765558047368
3037,969.9401673973337,919.9184025686052
3038,969.8845380524391,919.8602493324748
3039,969.8289087075447,919.8020960963433
3040,969.7732793626492,919.7439428602119
3041,969.717650017754,919.685789624081
3042,969.6620206728601,919.6276363879496
3043,969.6063913279648,919.5694831518176
3044,969.55076198307,919.5113299156866
3045,969.4951326381756,919.4531766795559
3046,969.4395032932803,919.3950234434244
3047,969.3838739483859,919.336870207293
3048,969.3282446034904,919.2787169711617
3049,969.2726152585964,919.220563735031
3050,969.216985913701,919.1624104988989
3051,969.1613565688061,919.1042572627684
3052,969.1057272239117,919.0461040266367
3053,969.0500978790168,918.9879507905052
3054,968.994468534122,918.9297975543742
3055,968.938839189227,918.8716443182432
3056,968.8832098443326,918.8134910821123
3057,968.8275804994372,918.7553378459808
3058,968.7719511545428,918.6971846098495
3059,968.7163218096479,918.6390313737182
3060,968.660692464753,918.5808781375868
3061,968.6050631198588,918.5227249014556
3062,968.5494337749641,918.4645716653247
3063,968.4938044300691,918.4064184291927
3064,968.4381750851742,918.3482651930623
3065,968.3825457402789,918.290111956931
3066,968.3269163953846,918.2319587208001
3067,968.2712870504896,918.1738054846684
3068,968.2156577055947,918.1156522485364
3069,968.1600283606999,918.057499012406
3070,968.1043990158051,917.9993457762744
3071,968.0502445954786,917.9443979381027
3072,967.9962569295606,917.8898125010019
3073,967.9422692636421,917.8352270639008
3074,967.8882815977237,917.7806416267993
3075,967.8342939318054,917.7260561896974
3076,967.7803062658868,917.6714707525964
3077,967.7263185999693,917.6168853154942
3078,967.6723309340504,917.5622998783932
3079,967.6183432681324,917.5077144412921
3080,967.5643556022143,917.4531290041898
3081,967.5103679362959,917.3985435670885
3082,967.4563802703772,917.343958129987
3083,967.4023926044599,917.2893726928854
3084,967.3484049385412,917.2347872557845
3085,967.2944172726227,917.1802018186833
3086,967.2404296067045,917.1256163815814
3087,967.1864419407868,917.0710309444798
3088,967.1324542748681,917.0164455073784
3089,967.0784666089498,916.961860070277
3090,967.0244789430312,916.9072746331755
3091,966.970491277113,916.8526891960735
3092,966.9165036111948,916.798103758973
3093,966.862515945277,916.7435183218713
3094,966.8085282793585,916.6889328847693
3095,966.7545406134402,916.6343474476683
3096,966.7005529475216,916.5797620105661
3097,966.6465652816036,916.5251765734653
3098,966.5925776156854,916.4705911363635
3099,966.5385899497676,916.4160056992621
3100,966.4846022838486,916.3614202621606
3101,966.4306146179308,916.3068348250583
3102,966.3766269520121,916.252249387958
3103,966.3226392860937,916.1976639508557
3104,966.2686516201757,916.1430785137547
3105,966.2146639542577,916.0884930766532
3106,966.1606762883391,916.0339076395514
3107,966.1066886224212,915.9793222024502
3108,966.0527009565027,915.9247367653483
3109,965.9987132905843,915.8701513282471
3110,965.944725624666,915.8155658911455
3111,965.8907379587478,915.7609804540443
3112,965.83675029283,915.706395016943
3113,965.782762626912,915.651809579841
3114,965.7287749609934,915.5972241427401
3115,965.6747872950752,915.5426387056382
3116,965.620799629157,915.4880532685371
3117,965.5668119632387,915.4334678314353
3118,965.5128242973207,915.378882394334
3119,965.4588366314019,915.3242969572323
3120,965.4048489654838,915.2697115201307
3121,965.3508612995658,915.2151260830292
3122,965.2968736336475,915.1605406459277
3123,965.2428859677289,915.1059552088263
3124,965.1888983018108,915.051369771725
3125,965.1349106358928,914.9967843346228
3126,965.0809229699743,914.9421988975223
3127,965.0269353040565,914.8876134604202
3128,964.9729476381376,914.833028023319
3129,964.9189599722195,914.7784425862175
3130,964.8649723063013,914.7238571491159
3131,964.8109846403827,914.6692717120146
3132,964.756996974465,914.6146862749131
3133,964.7030093085464,914.560100837812
3134,964.6490216426283,914.5055154007102
3135,964.59503397671,914.450929963609
3136,964.5410463107919,914.3963445265069
3137,964.4870586448733,914.3417590894053
3138,964.4330709789549,914.2871736523042
3139,964.3790833130374,914.2325882152028
3140,964.325095647119,914.1780027781018
3141,964.2711079812001,914.1234173410003
3142,964.2171203152825,914.0688319038987
3143,964.1631326493632,914.014246466797
3144,964.109144983446,913.9596610296948
3145,964.0551573175272,913.9050755925939
3146,964.001169651609,913.8504901554926
3147,963.9471819856906,913.7959047183915
3148,963.8931943197729,913.7413192812893
3149,963.839206653854,913.6867338441883
3150,963.7852189879366,913.6321484070864
3151,963.7312313220177,913.5775629699845
3152,963.6772436560993,913.5229775328838
3153,963.6232559901816,913.4683920957818
3154,963.569268324263,913.4138066586809
3155,963.5152806583444,913.3592212215794
3156,963.4612929924266,913.3046357844775
3157,963.4073053265083,913.2500503473759
3158,963.3533176605903,913.1954649102744
3159,963.2993299946718,913.1408794731732
3160,963.2453423287537,913.0862940360715
3161,963.1913546628352,913.0317085989708
3162,963.1373669969173,912.977123161869
3163,963.083379330999,912.9225377247666
3164,963.0293916650807,912.867952287666
3165,962.975403999162,912.813366850564
3166,962.921416333244,912.7587814134625
3167,962.8674286673256,912.7041959763613
3168,962.8134410014075,912.64961053926
3169,962.7594533354892,912.5950251021583
3170,962.7054656695711,912.5404396650565
3171,962.651478003653,912.485854227955
3172,962.5974903377341,912.4312687908541
3173,962.5435026718154,912.3766833537522
3174,962.489515005898,912.3220979166506
3175,962.4355273399799,912.2675124795488
3176,962.3815396740611,912.2129270424479
3177,962.3275520081431,912.1583416053465
3178,962.273564342225,912.103756168245
3179,962.2195766763066,912.0491707311435
3180,962.1655890103882,911.9945852940422
3181,962.1116013444705,911.9399998569404
3182,962.057613678552,911.8854144198389
3183,962.0036260126335,911.8308289827377
3184,961.9496383467155,911.7762435456362
3185,961.8956506807973,911.7216581085349
3186,961.8416630148788,911.6670726714334
3187,961.787675348961,911.6124872343322
3188,961.7336876830421,911.5579017972304
3189,961.679700017124,911.5033163601287
3190,961.6257123512057,911.4487309230274
3191,961.5717246852877,911.3941454859258
3192,961.5177370193694,911.3395600488248
3193,961.4637493534508,911.284974611723
3194,961.4097616875329,911.2303891746217
3195,961.3557740216145,911.1758037375201
3196,961.3017863556959,911.1212183004184
3197,961.2477986897779,911.0666328633177
3198,961.1938110238596,911.0120474262159
3199,961.1398233579412,910.9574619891143
3200,961.0858356920232,910.9028765520131
3201,961.0318480261049,910.8482911149109
3202,960.9778603601865,910.7937056778092
3203,960.9238726942684,910.739120240708
3204,960.8698850283506,910.6845348036069
3205,960.8158973624319,910.6299493665051
3206,960.7619096965138,910.5753639294038
3207,960.7079220305956,910.520778492302
3208,960.653934364677,910.4661930552005
3209,960.5999466987587,910.4116076180994
3210,960.5459590328409,910.3570221809977
3211,960.4919713669225,910.3024367438967
3212,960.4379837010046,910.2478513067949
3213,960.3839960350859,910.1932658696932
3214,960.3300083691678,910.1386804325917
3215,960.2760207032492,910.08409499549
3216,960.2220330373312,910.0295095583884
3217,960.1680453714132,909.9749241212875
3218,960.1140577054947,909.9203386841859
3219,960.0600700395768,909.8657532470844
3220,960.0060823736582,909.8111678099833
3221,959.9520947077401,909.7565823728813
3222,959.8981070418213,909.7019969357796
3223,959.8441193759038,909.6474114986786
3224,959.7901317099854,909.5928260615765
3225,959.7361440440665,909.5382406244751
3226,959.6821563781488,909.4836551873743
3227,959.6281687122308,909.4290697502724
3228,959.5741810463129,909.374484313171
3229,959.5201933803938,909.3198988760691
3230,959.4662057144759,909.2653134389683
3231,959.4122180485575,909.2107280018669
3232,959.3582303826394,909.1561425647654
3233,959.3042427167208,909.1015571276637
3234,959.2502550508026,909.0469716905621
3235,959.1962673848847,908.992386253461
3236,959.142279718966,908.9378008163588
3237,959.0882920530479,908.8832153792575
3238,959.0343043871296,908.8286299421567
3239,958.9803167212114,908.7740445050549
3240,958.9263290552932,908.7194590679534
3241,958.8723413893746,908.6648736308521
3242,958.8183537234569,908.6102881937508
3243,958.7643660575377,908.5557027566483
3244,958.7103783916203,908.501117319548
3245,958.6563907257015,908.4465318824463
3246,958.6024030597833,908.3919464453445
3247,958.5484153938654,908.3373610082427
3248,958.4944277279475,908.2827755711414
3249,958.4404400620289,908.2281901340403
3250,958.3864523961105,908.1736046969388
3251,958.3324647301923,908.119019259837
3252,958.278477064274,908.0644338227357
3253,958.2244893983558,908.0098483856342
3254,958.1705017324376,907.955262948533
3255,958.1165140665197,907.9006775114307
3256,958.0625264006013,907.8460920743291
3257,958.0085387346828,907.7915066372283
3258,957.9545510687644,907.7369212001271
3259,957.9005634028462,907.6823357630255
3260,957.846575736928,907.6277503259232
3261,957.7925880710098,907.5731648888225
3262,957.7386004050917,907.5185794517208
3263,957.6846127391728,907.4639940146188
3264,957.6306250732547,907.4094085775179
3265,957.5766374073364,907.3548231404163
3266,957.5226497414186,907.3002377033154
3267,957.4686620755002,907.2456522662131
3268,957.4146744095816,907.1910668291118
3269,957.3606867436636,907.1364813920104
3270,957.3066990777455,907.0818959549092
3271,957.2527114118269,907.0273105178076
3272,957.1987237459085,906.9727250807064
3273,957.1447360799914,906.9181396436048
3274,957.0907484140728,906.8635542065024
3275,957.0367607481539,906.8089687694012
3276,956.982773082236,906.7543833323004
3277,956.9287854163175,906.6997978951989
3278,956.8747977503994,906.6452124580969
3279,956.820810084481,906.590627020996
3280,956.7668224185626,906.5360415838943
3281,956.7128347526442,906.4814561467924
3282,956.6588470867267,906.426870709691
3283,956.6048594208079,906.3722852725895
3284,956.5508717548897,906.3176998354877
3285,956.4968840889719,906.2631143983873
3286,956.442896423053,906.2085289612853
3287,956.388908757135,906.1539435241838
3288,956.3349210912164,906.0993580870826
3289,956.2809334252989,906.0447726499807
3290,956.2269457593803,905.9901872128795
3291,956.172958093462,905.9356017757776
3292,956.1189704275438,905.8810163386764
3293,956.0649827616257,905.8264309015746
3294,956.010995095707,905.771845464473
3295,955.9570074297892,905.7172600273718
3296,955.903019763871,905.6626745902705
3297,955.8490320979519,905.6080891531692
3298,955.7950444320339,905.5535037160679
3299,955.7410567661155,905.4989182789668
3300,955.6870691001976,905.4443328418652
3301,955.6330814342792,905.3897474047627
3302,955.5790937683608,905.3351619676617
3303,955.5251061024427,905.28057653056
3304,955.4711184365251,905.2259910934589
3305,955.4171307706063,905.1714056563567
3306,955.3631431046878,905.116820219256
3307,955.3091554387696,905.0622347821549
3308,955.2551677728517,905.0076493450528
3309,955.2011801069334,904.9530639079514
3310,955.1471924410148,904.8984784708498
3311,955.0932047750973,904.8438930337484
3312,955.0392171091787,904.7893075966467
3313,954.9852294432601,904.7347221595453
3314,954.9312417773422,904.6801367224435
3315,954.8772541114234,904.6255512853422
3316,954.8232664455053,904.5709658482405
3317,954.7692787795875,904.5163804111393
3318,954.7152911136692,904.461794974038
3319,954.6613034477507,904.407209536936
3320,954.6073157818328,904.3526240998351
3321,954.5533281159144,904.2980386627331
3322,954.4993404499962,904.2434532256322
3323,954.4453527840781,904.1888677885308
3324,954.3913651181597,904.1342823514293
3325,954.3373774522413,904.0796969143273
3326,954.2833897863233,904.025111477226
3327,954.229402120405,903.9705260401245
3328,954.1754144544866,903.9159406030232
3329,954.1214267885678,903.8613551659212
3330,954.0674391226501,903.8067697288207
3331,954.0134514567317,903.7521842917185
3332,953.9594637908135,903.6975988546172
3333,953.905476124895,903.6430134175156
3334,953.851488458977,903.5884279804142
3335,953.797500793059,903.5338425433132
3336,953.7435131271402,903.4792571062119
3337,953.6895254612223,903.4246716691099
3338,953.6355377953045,903.3700862320084
3339,953.5815501293857,903.3155007949069
3340,953.5275624634677,903.2609153578047
3341,953.4735747975496,903.2063299207042
3342,953.419587131631,903.1517444836027
3343,953.3655994657124,903.0971590465009
3344,953.3116117997945,903.0425736093997
3345,953.2576241338766,902.9879881722977
3346,953.2036364679577,902.9334027351965
3347,953.1496488020393,902.8788172980953
3348,953.0956611361214,902.8242318609932
3349,953.041673470203,902.7696464238918
3350,952.9876858042846,902.7150609867906
3351,952.9336981383665,902.6604755496894
3352,952.8797104724486,902.6058901125879
3353,952.8257228065299,902.5513046754861
3354,952.7717351406119,902.4967192383848
3355,952.7177474746939,902.4421338012833
3356,952.6637598087752,902.3875483641825
3357,952.6097721428572,902.3329629270804
3358,952.5557844769387,902.2783774899794
3359,952.5017968110205,902.2237920528775
3360,952.4478091451024,902.1692066157756
3361,952.393821479184,902.1146211786742
3362,952.3398338132666,902.0600357415727
3363,952.2858461473476,902.0054503044712
3364,952.2318584814295,901.9508648673697
3365,952.1778708155114,901.8962794302691
3366,952.1238831495925,901.8416939931664
3367,952.0698954836745,901.787108556065
3368,952.0159078177562,901.7325231189641
3369,951.961920151838,901.6779376818625
3370,951.9079324859194,901.623352244761
3371,951.8539448200015,901.5687668076597
3372,951.7999571540837,901.5141813705582
3373,951.7459694881647,901.4595959334566
3374,951.6919818222466,901.4050104963551
3375,951.6379941563281,901.3504250592538
3376,951.5840064904103,901.2958396221519
3377,951.5300188244921,901.2412541850505
3378,951.4760311585742,901.1866687479489
3379,951.4220434926553,901.132083310848
3380,951.3680558267372,901.0774978737467
3381,951.3140681608188,901.0229124366441
3382,951.2600804949006,900.9683269995431
3383,951.206092828982,900.9137415624415
3384,951.1521051630638,900.8591561253402
3385,951.098117497146,900.8045706882388
3386,951.0441298312271,900.7499852511368
3387,950.9901421653096,900.6953998140361
3388,950.936154499391,900.6408143769346
3389,950.8821668334725,900.5862289398328
3390,950.8281791675545,900.5316435027316
3391,950.7741915016361,900.4770580656298
3392,950.7202038357176,900.4224726285285
3393,950.6662161698,900.3678871914271
3394,950.6122285038817,900.3133017543252
3395,950.5582408379632,900.2587163172242
3396,950.5042531720454,900.2041308801224
3397,950.4502655061266,900.149545443021
3398,950.3962778402084,900.0949600059201
3399,950.3422901742902,900.0403745688177
3400,950.2883025083723,899.985789131717
3401,950.234314842454,899.931203694615
3402,950.1803271765357,899.8766182575134
3403,950.1263395106171,899.8220328204119
3404,950.0723518446986,899.7674473833108
3405,950.0183641787805,899.7128619462088
3406,949.9643765128627,899.6582765091081
3407,949.9103888469443,899.6036910720065
3408,949.8564011810256,899.5491056349047
3409,949.8024135151079,899.4945201978035
3410,949.7484258491899,899.4399347607023
3411,949.6944381832715,899.3853493236003
3412,949.6404505173533,899.3307638864995
3413,949.5864628514344,899.2761784493973
3414,949.5324751855165,899.2215930122956
3415,949.4797305511452,899.1689543336398
3416,949.4280191550876,899.1179338483602
3417,949.3763077590299,899.0669133630798
3418,949.3245963629721,899.0158928778003
3419,949.272884966915,898.9648723925201
3420,949.221173570858,898.9138519072395
3421,949.1694621748002,898.862831421959
3422,949.1177507787434,898.8118109366792
3423,949.0660393826852,898.7607904513986
3424,949.014327986628,898.7097699661189
3425,948.9626165905703,898.658749480838
3426,948.910905194513,898.6077289955574
3427,948.8591937984552,898.5567085102775
3428,948.807482402398,898.5056880249972
3429,948.7557710063406,898.454667539717
3430,948.704059610283,898.4036470544364
3431,948.652348214226,898.352626569157
3432,948.6006368181685,898.3016060838761
3433,948.5489254221105,898.2505855985964
3434,948.497214026053,898.1995651133159
3435,948.445502629996,898.1485446280357
3436,948.393791233938,898.0975241427552
3437,948.3420798378805,898.0465036574757
3438,948.2903684418234,897.9954831721949
3439,948.2386570457656,897.9444626869149
3440,948.1869456497084,897.8934422016343
3441,948.1352342536505,897.8424217163542
3442,948.0835228575937,897.7914012310739
3443,948.0318114615357,897.7403807457941
3444,947.9801000654791,897.6893602605137
3445,947.9283886694211,897.6383397752336
3446,947.8766772733634,897.5873192899533
3447,947.8249658773058,897.5362988046738
3448,947.7732544812487,897.4852783193926
3449,947.7215430851918,897.4342578341123
3450,947.6698316891336,897.3832373488317
3451,947.6181202930765,897.3322168635514
3452,947.5664088970187,897.2811963782718
3453,947.5146975009611,897.230175892991
3454,947.4629861049044,897.179155407711
3455,947.4112747088463,897.1281349224311
3456,947.3595633127886,897.0771144371507
3457,947.3078519167316,897.0260939518699
3458,947.2561405206739,896.9750734665902
3459,947.2044291246165,896.92405298131
3460,947.152717728559,896.8730324960294
3461,947.1010063325014,896.8220120107496
3462,947.0492949364441,896.7709915254687
3463,946.9975835403867,896.719971040189
3464,946.9458721443295,896.6689505549087
3465,946.8941607482716,896.6179300696284
3466,946.8424493522139,896.5669095843479
3467,946.790737956157,896.5158890990679
3468,946.7390265600995,896.4648686137879
3469,946.6873151640415,896.4138481285078
3470,946.6356037679843,896.3628276432277
3471,946.5838923719268,896.311807157947
3472,946.5321809758692,896.260786672666
3473,946.480469579812,896.2097661873864
3474,946.4287581837541,896.1587457021059
3475,946.3770467876972,896.1077252168255
3476,946.3253353916393,896.0567047315456
3477,946.273623995582,896.0056842462653
3478,946.2219125995249,895.9546637609853
3479,946.1702012034672,895.9036432757049
3480,946.11848980741,895.8526227904244
3481,946.0667784113521,895.8016023051442
3482,946.0150670152949,895.7505818198636
3483,945.9633556192371,895.6995613345845
3484,945.9116442231798,895.648540849304
3485,945.8599328271226,895.5975203640239
3486,945.8082214310649,895.5464998787431
3487,945.7565100350072,895.4954793934636
3488,945.7047986389499,895.4444589081826
3489,945.6530872428928,895.3934384229021
3490,945.601375846835,895.3424179376223
3491,945.5496644507776,895.2913974523427
3492,945.4979530547198,895.2403769670619
3493,945.4462416586625,895.1893564817816
3494,945.3945302626048,895.1383359965007
3495,945.3428188665479,895.0873155112208
3496,945.2911074704903,895.0362950259406
3497,945.2393960744325,894.9852745406603
3498,945.1876846783751,894.9342540553802
3499,945.1359732823175,894.8832335701
3500,945.0842618862605,894.8322130848195
3501,945.0325504902025,894.7811925995394
3502,944.9808390941454,894.7301721142592
3503,944.9291276980877,894.6791516289791
3504,944.8774163020303,894.6281311436987
3505,944.8257049059725,894.5771106584186
3506,944.7739935099154,894.5260901731388
3507,944.7222821138581,894.4750696878584
3508,944.6705707178004,894.4240492025776
3509,944.6188593217431,894.373028717298
3510,944.5671479256856,894.3220082320178
3511,944.5154365296279,894.270987746737
3512,944.463725133571,894.2199672614571
3513,944.4120137375128,894.1689467761762
3514,944.3603023414555,894.1179262908962
3515,944.3085909453979,894.0669058056159
3516,944.2568795493402,894.0158853203357
3517,944.2051681532834,893.9648648350554
3518,944.1534567572261,893.9138443497753
3519,944.1017453611681,893.8628238644949
3520,944.050033965111,893.8118033792146
3521,943.9983225690536,893.7607828939347
3522,943.9466111729961,893.7097624086547
3523,943.8948997769384,893.6587419233739
3524,943.8431883808811,893.6077214380941
3525,943.7914769848232,893.556700952814
3526,943.7397655887661,893.5056804675331
3527,943.6880541927084,893.454659982253
3528,943.6363427966512,893.4036394969725
3529,943.5846314005933,893.3526190116927
3530,943.5329200045363,893.3015985264127
3531,943.4812086084786,893.2505780411326
3532,943.429497212421,893.199557555852
3533,943.3777858163636,893.1485370705718
3534,943.3260744203061,893.0975165852914
3535,943.2743630242489,893.0464961000115
3536,943.2226516281912,892.9954756147307
3537,943.1709402321343,892.9444551294504
3538,943.1192288360768,892.89343464417
3539,943.0675174400187,892.84241415889
3540,943.0158060439612,892.7913936736098
3541,942.9640946479041,892.7403731883297
3542,942.9123832518471,892.68935270305
3543,942.8606718557891,892.6383322177694
3544,942.8089604597315,892.587311732489
3545,942.7572490636741,892.5362912472084
3546,942.7055376676168,892.4852707619291
3547,942.6538262715594,892.4342502766484
3548,942.6021148755015,892.3832297913675
3549,942.5504034794437,892.3322093060877
3550,942.498692083387,892.2811888208074
3551,942.4469806873296,892.2301683355274
3552,942.3952692912718,892.1791478502465
3553,942.3435578952145,892.1281273649666
3554,942.2918464991568,892.0771068796868
3555,942.2401351030995,892.026086394406
3556,942.1884237070419,891.9750659091263
3557,942.1367123109848,891.9240454238457
3558,942.085000914927,891.8730249385652
3559,942.0332895188694,891.8220044532859
3560,941.9815781228122,891.7709839680049
3561,941.9298667267548,891.7199634827248
3562,941.8781553306973,891.6689429974447
3563,941.8264439346397,891.6179225121641
3564,941.7747325385823,891.5669020268843
3565,941.7230211425248,891.5158815416039
3566,941.6713097464676,891.4648610563237
3567,941.6195983504099,891.413840571043
3568,941.567886954352,891.3628200857634
3569,941.5161755582951,891.3117996004826
3570,941.4644641622374,891.2607791152025
3571,941.4127527661796,891.2097586299225
3572,941.3610413701228,891.1587381446417
3573,941.3093299740652,891.1077176593617
3574,941.2576185780073,891.0566971740814
3575,941.2059071819504,891.0056766888018
3576,941.1541957858924,890.9546562035213
3577,941.1024843898348,890.9036357182403
3578,941.0507729937775,890.8526152329605
3579,940.9990615977201,890.80159474768
3580,940.9473502016626,890.7505742623999
3581,940.895638805605,890.6995537771204
3582,940.8439274095475,890.6485332918398
3583,940.7922160134904,890.5975128065601
3584,940.7405046174327,890.5464923212793
3585,940.6887932213755,890.4954718359992
3586,940.6370818253175,890.4444513507187
3587,940.5853704292612,890.3934308654384
3588,940.533659033203,890.3424103801584
3589,940.4819476371457,890.2913898948776
3590,940.430236241088,890.2403694095985
3591,940.3785248450301,890.1893489243179
3592,940.3268134489728,890.1383284390373
3593,940.2751020529155,890.087307953757
3594,940.2233906568582,890.0362874684772
3595,940.1716792608006,889.9852669831967
3596,940.1199678647432,889.9342464979165
3597,940.0682564686857,889.8832260126361
3598,940.016545072628,889.8322055273562
3599,939.9648336765707,889.7811850420754
3600,939.9131222805133,889.730164556795
3601,939.8614108844557,889.6791440715147
3602,939.8096994883982,889.6281235862347
3603,939.7579880923408,889.5771031009544
3604,939.7062766962837,889.5260826156742
3605,939.6545653002262,889.475062130394
3606,939.6028539041687,889.424041645114
3607,939.5511425081111,889.373021159833
3608,939.4994311120537,889.3220006745531
3609,939.4477197159962,889.2709801892729
3610,939.3960083199386,889.2199597039934
3611,939.3442969238811,889.1689392187124
3612,939.2925855278235,889.1179187334322
3613,939.240874131766,889.0668982481519
3614,939.1891627357086,889.015877762872
3615,939.1374513396509,888.9648572775918
3616,939.0857399435936,888.9138367923116
3617,939.0340285475364,888.8628163070308
3618,938.9823171514789,888.8117958217504
3619,938.9306057554213,888.7607753364705
3620,938.8788943593642,888.7097548511905
3621,938.8271829633068,888.6587343659098
3622,938.7754715672486,888.6077138806302
3623,938.7237601711919,888.5566933953495
3624,938.672048775134,888.5056729100689
3625,938.6203373790764,888.4546524247893
3626,938.568625983019,888.4036319395085
3627,938.5169145869615,888.3526114542292
3628,938.4652031909042,888.3015909689485
3629,938.4134917948467,888.2505704836686
3630,938.3617803987889,888.1995499983889
3631,938.3100690027311,888.1485295131082
3632,938.2583576066739,888.0975090278276
3633,938.2066462106169,888.0464885425473
3634,938.1549348145593,887.9954680572666
3635,938.1032234185016,887.944447571987
3636,938.0515120224444,887.8934270867059
3637,937.999800626387,887.8424066014261
3638,937.9480892303295,887.7913861161459
3639,937.8963778342725,887.7403656308649
3640,937.8446664382149,887.6893451455854
3641,937.7929550421569,887.6383246603048
3642,937.7412436460997,887.5873041750255
3643,937.6895322500426,887.5362836897448
3644,937.6378208539844,887.4852632044644
3645,937.5861094579274,887.434242719185
3646,937.5343980618698,887.3832222339036
3647,937.4826866658118,887.3322017486238
3648,937.4309752697546,887.2811812633436
3649,937.3792638736977,887.230160778063
3650,937.3275524776393,887.1791402927832
3651,937.2758410815826,887.1281198075025
3652,937.2241296855248,887.0770993222221
3653,937.1724182894674,887.0260788369419
3654,937.1207068934098,886.9750583516621
3655,937.0689954973519,886.9240378663817
3656,937.0172841012951,886.8730173811015
3657,936.9655727052374,886.8219968958209
3658,936.9138613091797,886.7709764105412
3659,936.8621499131226,886.7199559252606
3660,936.8104385170653,886.6689354399808
3661,936.758727121008,886.6179149547
3662,936.7070157249502,886.5668944694203
3663,936.6553043288927,886.5158739841397
3664,936.6035929328351,886.4648534988597
3665,936.5518815367777,886.4138330135795
3666,936.5001701407202,886.3628125282994
3667,936.4484587446628,886.311792043019
3668,936.3967473486049,886.2607715577391
3669,936.3450359525474,886.2097510724586
3670,936.2933245564905,886.1587305871776
3671,936.2416131604328,886.1077101018977
3672,936.1899017643752,886.0566896166171
3673,936.1381903683182,886.0056691313371
3674,936.0864789722605,885.9546486460569
3675,936.0347675762033,885.9036281607767
3676,935.9830561801461,885.8526076754965
3677,935.9313447840882,885.8015871902163
3678,935.8796333880302,885.750566704936
3679,935.8279219919729,885.699546219656
3680,935.7762105959156,885.6485257343761
3681,935.7244991998584,885.5975052490957
3682,935.6727878038002,885.5464847638153
3683,935.6210764077435,885.495464278535
3684,935.5693650116856,885.4444437932548
3685,935.5176536156282,885.3934233079749
3686,935.4659422195706,885.3424028226943
3687,935.4142308235131,885.2913823374145
3688,935.3625194274562,885.2403618521339
3689,935.3108080313988,885.1893413668536
3690,935.2590966353412,885.1383208815735
3691,935.2073852392838,885.0873003962928
3692,935.1556738432264,885.0362799110127
3693,935.1039624471689,884.9852594257322
3694,935.0522510511107,884.9342389404529
3695,935.0005396550538,884.883218455172
3696,934.9488282589966,884.8321979698914
3697,934.8971168629388,884.7811774846111
3698,934.845405466881,884.730156999331
3699,934.7936940708238,884.6791365140512
3700,934.7419826747664,884.6281160287707
3701,934.6902712787089,884.5770955434906
3702,934.6385598826514,884.5260750582108
3703,934.5868484865938,884.4750545729298
3704,934.5351370905366,884.42403408765
3705,934.4834256944787,884.3730136023693
3706,934.4317142984212,884.3219931170893
3707,934.3800029023638,884.2709726318092
3708,934.3282915063069,884.219952146529
3709,934.2765801102489,884.1689316612486
3710,934.2248687141915,884.1179111759684
3711,934.1731573181346,884.0668906906877
3712,934.1214459220768,884.0158702054075
3713,934.0697345260191,883.9648497201273
3714,934.0180231299612,883.913829234847
3715,933.9663117339038,883.8628087495669
3716,933.9146003378467,883.8117882642866
3717,933.8628889417894,883.7607677790061
3718,933.811177545732,883.7097472937265
3719,933.7594661496744,883.6587268084455
3720,933.7077547536171,883.6077063231654
3721,933.6560433575595,883.556685837886
3722,933.6043319615018,883.505665352605
3723,933.5526205654445,883.4546448673257
3724,933.5009091693871,883.4036243820449
3725,933.4491977733298,883.3526038967649
3726,933.397486377272,883.3015834114848
3727,933.3457749812145,883.2505629262042
3728,933.294063585157,883.1995424409238
3729,933.2423521891,883.1485219556439
3730,933.1906407930423,883.0975014703641
3731,933.1389293969852,883.0464809850835
3732,933.0872180009272,882.995460499803
3733,933.0355066048699,882.9444400145233
3734,932.9837952088121,882.8934195292422
3735,932.9320838127552,882.8423990439622
3736,932.8803724166976,882.7913785586817
3737,932.8286610206403,882.7403580734012
3738,932.7769496245825,882.6893375881214
3739,932.7252382285249,882.6383171028408
3740,932.6735268324675,882.5872966175613
3741,932.6218154364102,882.5362761322813
3742,932.5701040403529,882.4852556470009
3743,932.5183926442953,882.4342351617204
3744,932.4666812482378,882.3832146764397
3745,932.4149698521801,882.3321941911595
3746,932.3632584561225,882.2811737058794
3747,932.3115470600651,882.2301532205987
3748,932.259835664008,882.1791327353193
3749,932.20812426795,882.1281122500387
3750,932.1564128718929,882.0770917647588
3751,932.1047014758353,882.026071279478
3752,932.0529900797777,881.9750507941984
3753,932.0012786837207,881.9240303089181
3754,931.9495672876625,881.873009823638
3755,931.8978558916052,881.8219893383572
3756,931.8461444955481,881.770968853077
3757,931.7944330994904,881.7199483677967
3758,931.742721703434,881.6689278825164
3759,931.6910103073756,881.6179073972359
3760,931.6392989113183,881.5668869119556
3761,931.5875875152609,881.5158664266758
3762,931.5358761192032,881.4648459413957
3763,931.484164723146,881.4138254561154
3764,931.4324533270884,881.3628049708352
3765,931.3807419310313,881.3117844855551
3766,931.3290305349732,881.2607640002744
3767,931.2773191389159,881.2097435149947
3768,931.225607742858,881.1587230297139
3769,931.1738963468007,881.107702544434
3770,931.1221849507434,881.0566820591533
3771,931.0704735546855,881.005661573873
3772,931.0187621586285,880.9546410885929
3773,930.9670507625711,880.9036206033131
3774,930.915339366514,880.8526001180331
3775,930.8636279704563,880.8015796327526
3776,930.8119165743985,880.7505591474721
3777,930.7602051783416,880.6995386621919
3778,930.7084937822837,880.6485181769112
3779,930.6567823862265,880.5974976916319
3780,930.6050709901691,880.5464772063514
3781,930.5533595941116,880.4954567210709
3782,930.5016481980539,880.4444362357906
3783,930.4499368019966,880.3934157505101
3784,930.3982254059388,880.34239526523
3785,930.3465140098813,880.2913747799495
3786,930.2948026138235,880.2403542946697
3787,930.2430912177663,880.1893338093901
3788,930.1913798217093,880.1383133241094
3789,930.1396684256514,880.0872928388292
3790,930.087957029594,880.0362723535491
3791,930.0362456335369,879.9852518682678
3792,929.9845342374794,879.9342313829885
3793,929.9328228414216,879.8832108977077
3794,929.8811114453642,879.8321904124282
3795,929.829400049307,879.7811699271474
3796,929.7776886532488,879.7301494418673
3797,929.7259772571921,879.6791289565869
3798,929.6742658611344,879.6281084713067
3799,929.6225544650772,879.5770879860268
3800,929.5708430690197,879.526067500746
3801,929.519131672962,879.475047015466
3802,929.4674202769042,879.4240265301856
3803,929.4157088808465,879.3730060449052
3804,929.3639974847896,879.3219855596257
3805,929.3122860887322,879.2709650743453
3806,929.2605746926746,879.2199445890649
3807,929.2088632966172,879.1689241037842
3808,929.1571519005597,879.1179036185041
3809,929.105440504502,879.0668831332247
3810,929.0537291084452,879.0158626479439
3811,929.0020177123872,878.9648421626641
3812,928.95030631633,878.9138216773836
3813,928.8985949202723,878.862801192103
3814,928.8468835242147,878.8117807068227
3815,928.7951721281572,878.7607602215425
3816,928.7434607321001,878.7097397362628
3817,928.6917493360421,878.6587192509821
3818,928.6400379399853,878.6076987657018
3819,928.5883265439277,878.5566782804215
3820,928.5366151478695,878.5056577951415
3821,928.4849037518123,878.4546373098617
3822,928.433192355755,878.4036168245809
3823,928.3814809596975,878.3525963393007
3824,928.3297695636401,878.3015758540203
3825,928.2780581675825,878.2505553687404
3826,928.2263467715251,878.19953488346
3827,928.1746353754677,878.1485143981797
3828,928.12292397941,878.0974939128994
3829,928.0712125833526,878.0464734276192
3830,928.0195011872959,877.9954529423392
3831,927.9677897912375,877.9444324570584
3832,927.9160783951804,877.8934119717786
3833,927.8643669991231,877.8423914864991
3834,927.8126556030653,877.791371001218
3835,927.7609442070083,877.7403505159375
3836,927.7092328109505,877.6893300306574
3837,927.657521414893,877.6383095453771
3838,927.6058100188357,877.5872890600974
3839,927.5540986227779,877.5362685748169
3840,927.5023872267203,877.4852480895372
3841,927.4506758306628,877.4342276042566
3842,927.398964434606,877.3832071189762
3843,927.3472530385483,877.3321866336959
3844,927.295541642491,877.2811661484155
3845,927.2438302464334,877.230145663135
3846,927.1921188503761,877.1791251778548
3847,927.1404074543182,877.1281046925743
3848,927.088696058261,877.0770842072945
3849,927.0369846622038,877.0260637220142
3850,926.9852732661459,876.9750432367341
3851,926.9335618700882,876.9240227514534
3852,926.8818504740312,876.8730022661737
3853,926.8301390779735,876.8219817808936
3854,926.7784276819159,876.7709612956128
3855,926.7267162858585,876.7199408103328
3856,926.6750048898007,876.6689203250525
3857,926.6232934937433,876.6178998397723
3858,926.5715820976862,876.5668793544921
3859,926.5198707016282,876.5158588692118
3860,926.4681593055711,876.4648383839314
3861,926.4164479095136,876.4138178986515
3862,926.3647365134564,876.3627974133711
3863,926.3130251173992,876.3117769280908
3864,926.2613137213413,876.2607564428109
3865,926.2096023252842,876.2097359575301
3866,926.1578909292261,876.1587154722497
3867,926.1061795331684,876.1076949869691
3868,926.0544681371119,876.0566745016894
3869,926.0027567410541,876.0056540164096
3870,925.9510453449961,875.9546335311288
3871,925.8993339489386,875.9036130458487
3872,925.8476225528815,875.8525925605682
3873,925.7959111568239,875.8015720752884
3874,925.7441997607664,875.7505515900086
3875,925.6924883647092,875.6995311047286
3876,925.6407769686517,875.6485106194477
3877,925.5890655725941,875.5974901341683
3878,925.5373541765365,875.5464696488874
3879,925.4856427804793,875.4954491636072
3880,925.4339313844218,875.444428678327
3881,925.3822199883643,875.3934081930462
3882,925.3305085923072,875.3423877077659
3883,925.2787971962495,875.2913672224861
3884,925.2270858001915,875.240346737206
3885,925.1753744041345,875.1893262519259
3886,925.1236630080774,875.1383057666449
3887,925.0719516120192,875.0872852813649
3888,925.0202402159623,875.0362647960847
3889,924.9685288199046,874.9852443108043
3890,924.9168174238474,874.9342238255243
3891,924.8651060277892,874.8832033402433
3892,924.8133946317321,874.8321828549635
3893,924.7616832356748,874.7811623696834
3894,924.7099718396174,874.7301418844035
3895,924.6582604435597,874.6791213991231
3896,924.6065490475025,874.6281009138426
3897,924.5548376514448,874.5770804285626
3898,924.503126255387,874.5260599432825
3899,924.4514148593302,874.4750394580021
3900,924.3997034632725,874.4240189727226
3901,924.3479920672149,874.3729984874415
3902,924.2962806711571,874.3219780021611
3903,924.2445692751004,874.270957516881
3904,924.1928578790423,874.2199370316007
3905,924.1411464829853,874.1689165463206
3906,924.0894350869279,874.1178960610397
3907,924.03772369087,874.0668755757597
3908,923.9860122948129,874.0158550904802
3909,923.9343008987553,873.9648346051996
3910,923.8825895026973,873.9138141199194
3911,923.8308781066401,873.8627936346388
3912,923.7791667105829,873.8117731493584
3913,923.7274553145248,873.760752664078
3914,923.6757439184681,873.7097321787983
3915,923.6240325224102,873.6587116935177
3916,923.5723211263534,873.6076912082384
3917,923.5206097302955,873.5566707229576
3918,923.4688983342379,873.505650237678
3919,923.4171869381804,873.4546297523976
3920,923.3654755421227,873.4036092671166
3921,923.3137641460656,873.352588781837
3922,923.2620527500084,873.3015682965569
3923,923.2103413539504,873.2505478112768
3924,923.158629957893,873.1995273259961
3925,923.1069185618355,873.1485068407161
3926,923.0552071657786,873.0974863554355
3927,923.0034957697209,873.0464658701552
3928,922.9517843736633,872.995445384875
3929,922.9000729776058,872.9444248995945
3930,922.8483615815484,872.8934044143143
3931,922.7966501854912,872.8423839290339
3932,922.7449387894337,872.7913634437541
3933,922.6932273933758,872.7403429584734
3934,922.6415159973184,872.6893224731933
3935,922.5898046012612,872.6383019879128
3936,922.5380932052033,872.5872815026327
3937,922.4863818091463,872.536261017353
3938,922.4346704130884,872.4852405320732
3939,922.3829590170311,872.4342200467923
3940,922.331247620974,872.3831995615119
3941,922.2795362249163,872.3321790762318
3942,922.2278248288588,872.2811585909513
3943,922.1761134328011,872.2301381056712
3944,922.1244020367436,872.1791176203911
3945,922.0726906406862,872.1280971351109
3946,922.0209792446291,872.0770766498308
3947,921.969267848571,872.0260561645504
3948,921.9175564525142,871.9750356792696
3949,921.865845056457,871.9240151939904
3950,921.8141336603987,871.8729947087091
3951,921.7624222643417,871.8219742234289
3952,921.7107108682841,871.770953738149
3953,921.6589994722262,871.7199332528681
3954,921.6072880761691,871.668912767588
3955,921.5555766801112,871.6178922823076
3956,921.5038652840542,871.5668717970277
3957,921.4521538879968,871.5158513117477
3958,921.4004424919393,871.4648308264674
3959,921.3487310958815,871.4138103411876
3960,921.2970196998242,871.3627898559071
3961,921.245308303767,871.3117693706272
3962,921.1935969077093,871.2607488853469
3963,921.1418855116518,871.2097284000669
3964,921.0901741155947,871.1587079147865
3965,921.0384627195368,871.1076874295059
3966,920.986751323479,871.0566669442256
3967,920.9350399274224,871.0056464589455
3968,920.8833285313648,870.9546259736658
3969,920.8316171353073,870.9036054883848
3970,920.7799057392493,870.8525850031043
3971,920.7281943431922,870.8015645178244
3972,920.6764829471346,870.7505440325438
3973,920.6247715510772,870.6995235472642
3974,920.5730601550202,870.6485030619831
3975,920.5213487589622,870.5974825767032
3976,920.4696373629047,870.5464620914233
3977,920.4179259668467,870.4954416061425
3978,920.3662145707896,870.444421120863
3979,920.3145031747322,870.393400635582
3980,920.2627917786745,870.3423801503019
3981,920.2110803826176,870.2913596650226
3982,920.1593689865596,870.2403391797418
3983,920.1076575905026,870.189318694462
3984,920.0559461944448,870.1382982091812
3985,920.0042347983873,870.087277723901
3986,919.9525234023304,870.0362572386213
3987,919.9008120062726,869.9852367533408
3988,919.849100610215,869.9342162680609
3989,919.7973892141575,869.8831957827795
3990,919.7456778181007,869.8321752974995
3991,919.6939664220429,869.7811548122194
3992,919.6422550259847,869.7301343269395
3993,919.5905436299279,869.6791138416587
3994,919.5388322338703,869.6280933563787
3995,919.4871208378129,869.5770728710986
3996,919.4354094417552,869.5260523858182
3997,919.383698045698,869.4750319005383
3998,919.3319866496403,869.4240114152578
3999,919.2802752535827,869.3729909299777
4000,919.2285638575253,869.3219704446977
4001,919.1768524614682,869.270949959417
4002,919.1251410654102,869.2199294741364
4003,919.0734296693533,869.1689089888569
4004,919.0217182732958,869.1178885035764
4005,918.9700068772381,869.0668680182963
4006,918.9182954811807,869.0158475330153
4007,918.8665840851229,868.9648270477352
4008,918.814872689066,868.9138065624552
4009,918.7631612930086,868.8627860771746
4010,918.7114498969511,868.8117655918949
4011,918.659738500894,868.7607451066139
4012,918.6080271048355,868.709724621334
4013,918.556315708778,868.6587041360543
4014,918.5046043127211,868.6076836507732
4015,918.4545798129551,868.5593245516623
4016,918.4059575027678,868.5131776620195
4017,918.3573351925796,868.4670307723767
4018,918.3087128823925,868.4208838827326
4019,918.2600905722051,868.3747369930898
4020,918.2114682620171,868.3285901034471
4021,918.1628459518296,868.282443213804
4022,918.114223641642,868.2362963241608
4023,918.0656013314548,868.1901494345177
4024,918.016979021267,868.1440025448745
4025,917.9683567110797,868.0978556552315
4026,917.9197344008919,868.0517087655886
4027,917.8711120907043,868.0055618759451
4028,917.8224897805168,867.9594149863022
4029,917.7738674703295,867.9132680966588
4030,917.7252451601416,867.8671212070159
4031,917.6766228499536,867.820974317373
4032,917.6280005397665,867.7748274277295
4033,917.5793782295788,867.7286805380867
4034,917.5307559193914,867.6825336484433
4035,917.4821336092039,867.6363867588002
4036,917.4335112990159,867.5902398691569
4037,917.3848889888285,867.5440929795138
4038,917.3362666786412,867.4979460898704
4039,917.2876443684536,867.4517992002278
4040,917.2390220582655,867.4056523105847
4041,917.1903997480779,867.3595054209417
4042,917.1417774378906,867.3133585312984
4043,917.0931551277024,867.2672116416553
4044,917.0445328175158,867.2210647520119
4045,916.9959105073276,867.1749178623688
4046,916.9472881971398,867.128770972726
4047,916.8986658869524,867.0826240830831
4048,916.8500435767651,867.0364771934403
4049,916.8014212665774,866.9903303037969
4050,916.7527989563897,866.9441834141538
4051,916.7041766462021,866.89803652451
4052,916.6555543360146,866.8518896348671
4053,916.606932025827,866.8057427452245
4054,916.5583097156394,866.759595855581
4055,916.5096874054515,866.7134489659381
4056,916.4610650952638,866.6673020762947
4057,916.4124427850763,866.6211551866517
4058,916.3638204748889,866.5750082970093
4059,916.3151981647018,866.5288614073647
4060,916.2665758545138,866.4827145177223
4061,916.2179535443269,866.4365676280793
4062,916.1693312341387,866.3904207384363
4063,916.1207089239512,866.344273848793
4064,916.0720866137634,866.2981269591497
4065,916.0234643035758,866.2519800695072
4066,915.9748419933886,866.2058331798638
4067,915.9262196832007,866.1596862902209
4068,915.8775973730131,866.1135394005777
4069,915.8289750628255,866.0673925109344
4070,915.7803527526379,866.0212456212912
4071,915.7317304424499,865.9750987316481
4072,915.6831081322628,865.9289518420053
4073,915.6344858220756,865.8828049523623
4074,915.5858635118879,865.836658062719
4075,915.5372412017003,865.7905111730753
4076,915.4886188915119,865.7443642834329
4077,915.4399965813247,865.6982173937896
4078,915.3913742711376,865.6520705041463
4079,915.3427519609496,865.6059236145036
4080,915.2941296507619,865.5597767248598
4081,915.2455073405742,865.5136298352172
4082,915.1968850303873,865.4674829455746
4083,915.1482627201993,865.4213360559305
4084,915.0996404100115,865.3751891662878
4085,915.0510180998238,865.3290422766443
4086,915.0023957896362,865.282895387001
4087,914.9537734794485,865.2367484973581
4088,914.905151169261,865.1906016077153
4089,914.8565288590734,865.1444547180723
4090,914.8079065488862,865.0983078284283
4091,914.7592842386985,865.0521609387863
4092,914.7106619285111,865.0060140491429
4093,914.6620396183231,864.9598671594998
4094,914.6134173081361,864.9137202698562
4095,914.564794997948,864.8675733802137
4096,914.5161726877606,864.821426490571
4097,914.4675503775728,864.7752796009275
4098,914.4189280673855,864.7291327112841
4099,914.3703057571977,864.6829858216407
4100,914.3216834470101,864.6368389319983
4101,914.2730611368229,864.5906920423544
4102,914.2244388266352,864.544545152712
4103,914.1758165164476,864.4983982630687
4104,914.12719420626,864.4522513734258
4105,914.078571896072,864.4061044837822
4106,914.0299495858844,864.3599575941391
4107,913.9813272756969,864.3138107044961
4108,913.9327049655093,864.2676638148527
4109,913.884082655322,864.2215169252098
4110,913.8354603451346,864.175370035567
4111,913.7868380349466,864.1292231459237
4112,913.7382157247589,864.0830762562805
4113,913.689593414572,864.0369293666374
4114,913.6409711043838,863.9907824769946
4115,913.5923487941964,863.9446355873511
4116,913.5437264840084,863.8984886977079
4117,913.4951041738207,863.8523418080648
4118,913.446481863634,863.806194918422
4119,913.3978595534455,863.7600480287789
4120,913.3492372432587,863.713901139136
4121,913.3006149330708,863.6677542494931
4122,913.2519926228832,863.6216073598491
4123,913.2033703126954,863.5754604702065
4124,913.1547480025079,863.5293135805639
4125,913.1061256923203,863.4831666909198
4126,913.057503382133,863.4370198012771
4127,913.0088810719452,863.3908729116337
4128,912.9602587617574,863.3447260219909
4129,912.9116364515698,863.2985791323482
4130,912.863014141383,863.2524322427049
4131,912.8143918311949,863.2062853530617
4132,912.7657695210075,863.1601384634187
4133,912.7171472108198,863.1139915737748
4134,912.6685249006321,863.067844684132
4135,912.6199025904447,863.0216977944891
4136,912.571280280257,862.9755509048452
4137,912.5226579700695,862.9294040152026
4138,912.4740356598819,862.8832571255601
4139,912.4254133496945,862.8371102359163
4140,912.3767910395068,862.7909633462732
4141,912.3281687293193,862.7448164566296
4142,912.2795464191316,862.6986695669867
4143,912.2309241089439,862.6525226773441
4144,912.1823017987565,862.606375787701
4145,912.1336794885686,862.5602288980582
4146,912.085057178381,862.5140820084151
4147,912.0364348681939,862.4679351187721
4148,911.9878125580057,862.4217882291287
4149,911.9391902478185,862.3756413394856
4150,911.8905679376307,862.3294944498425
4151,911.8419456274432,862.283347560199
4152,911.7933233172555,862.237200670556
4153,911.744701007068,862.1910537809125
4154,911.6960786968804,862.1449068912701
4155,911.647456386693,862.0987600016269
4156,911.5988340765051,862.0526131119834
4157,911.550211766318,862.0064662223406
4158,911.50158945613,861.9603193326975
4159,911.4529671459418,861.9141724430544
4160,911.4043448357548,861.8680255534114
4161,911.3557225255672,861.8218786637682
4162,911.3071002153797,861.7757317741256
4163,911.2584779051921,861.7295848844826
4164,911.2098555950048,861.6834379948382
4165,911.1612332848168,861.6372911051956
4166,911.1126109746293,861.5911442155519
4167,911.0639886644419,861.5449973259094
4168,911.0153663542541,861.4988504362658
4169,910.9667440440668,861.4527035466227
4170,910.9181217338793,861.4065566569794
4171,910.8694994236914,861.3604097673373
4172,910.8208771135038,861.314262877694
4173,910.7722548033161,861.2681159880509
4174,910.7236324931284,861.2219690984076
4175,910.6750101829412,861.1758222087647
4176,910.6263878727534,861.1296753191212
4177,910.577765562566,861.0835284294782
4178,910.5291432523778,861.0373815398357
4179,910.4805209421909,860.9912346501916
4180,910.4318986320034,860.945087760549
4181,910.3832763218153,860.8989408709059
4182,910.3346540116278,860.8527939812631
4183,910.2860317014404,860.8066470916194
4184,910.2374093912532,860.7605002019758
4185,910.188787081065,860.7143533123335
4186,910.1401647708776,860.6682064226904
4187,910.0915424606899,860.6220595330473
4188,910.0429201505025,860.575912643404
4189,909.994297840315,860.5297657537611
4190,909.9456755301273,860.4836188641181
4191,909.8970532199401,860.4374719744746
4192,909.8484309097523,860.3913250848323
4193,909.7998085995647,860.3451781951887
4194,909.7511862893771,860.2990313055458
4195,909.7025639791892,860.2528844159024
4196,909.6539416690016,860.206737526259
4197,909.6053193588136,860.160590636616
4198,909.5566970486265,860.1144437469726
4199,909.5080747384387,860.06829685733
4200,909.4594524282518,860.0221499676863
4201,909.4108301180638,859.9760030780437
4202,909.362207807876,859.9298561884003
4203,909.3135854976888,859.883709298757
4204,909.2649631875009,859.8375624091142
4205,909.2163408773134,859.791415519471
4206,909.167718567126,859.7452686298278
4207,909.119096256938,859.6991217401846
4208,909.0704739467502,859.6529748505416
4209,909.0218516365633,859.6068279608984
4210,908.9732293263751,859.5606810712555
4211,908.9246070161879,859.5145341816126
4212,908.8759847060002,859.4683872919687
4213,908.8273623958129,859.4222404023261
4214,908.7787400856249,859.3760935126833
4215,908.7301177754376,859.3299466230402
4216,908.6814954652499,859.283799733397
4217,908.6328731550617,859.237652843754
4218,908.5842508448745,859.191505954111
4219,908.5356285346871,859.1453590644678
4220,908.4870062244995,859.0992121748241
4221,908.438383914312,859.0530652851814
4222,908.3897616041243,859.006918395538
4223,908.3411392939362,858.9607715058949
4224,908.2925169837491,858.9146246162521
4225,908.2438946735617,858.8684777266091
4226,908.1952723633739,858.8223308369655
4227,908.1466500531864,858.7761839473226
4228,908.0980277429991,858.7300370576792
4229,908.0494054328112,858.683890168036
4230,908.0007831226235,858.6377432783935
4231,907.952160812436,858.5915963887502
4232,907.9035385022481,858.5454494991072
4233,907.8549161920608,858.4993026094643
4234,907.8062938818729,858.4531557198208
4235,907.7576715716855,858.4070088301778
4236,907.709049261498,858.3608619405344
4237,907.6604269513108,858.3147150508912
4238,907.6118046411226,858.2685681612484
4239,907.5631823309348,858.2224212716054
4240,907.5145600207478,858.1762743819622
4241,907.4659377105598,858.130127492319
4242,907.4173154003727,858.0839806026765
4243,907.3686930901852,858.0378337130334
4244,907.3200707799975,857.99168682339
4245,907.2714484698096,857.9455399337465
4246,907.2228261596221,857.8993930441036
4247,907.1742038494347,857.85324615446
4248,907.1255815392467,857.8070992648171
4249,907.0769592290595,857.7609523751743
4250,907.028336918872,857.7148054855307
4251,906.9797146086842,857.6686585958878
4252,906.9310922984969,857.6225117062447
4253,906.8824699883094,857.5763648166017
4254,906.8338476781211,857.5302179269586
4255,906.7852253679339,857.4840710373157
4256,906.7366030577462,857.4379241476726
4257,906.6879807475588,857.3917772580293
4258,906.6393584373709,857.3456303683861
4259,906.5907361271836,857.2994834787432
4260,906.5421138169959,857.2533365891
4261,906.4934915068079,857.2071896994571
4262,906.4448691966205,857.161042809813
4263,906.396246886433,857.1148959201707
4264,906.3476245762456,857.0687490305277
4265,906.2990022660579,857.0226021408845
4266,906.2503799558706,856.9764552512416
4267,906.2017576456827,856.9303083615986
4268,906.1531353354948,856.8841614719552
4269,906.1045130253079,856.8380145823123
4270,906.0558907151196,856.7918676926686
4271,906.0072684049323,856.7457208030255
4272,905.9586460947451,856.6995739133828
4273,905.9100237845571,856.6534270237393
4274,905.8614014743697,856.6072801340962
4275,905.8127791641818,856.5611332444531
4276,905.7641568539945,856.5149863548097
4277,905.7155345438068,856.4688394651665
4278,905.6669122336191,856.4226925755233
4279,905.6182899234319,856.3765456858805
4280,905.569667613244,856.3303987962377
4281,905.521045303057,856.2842519065947
4282,905.472422992869,856.2381050169512
4283,905.4238006826816,856.1919581273083
4284,905.3751783724939,856.1458112376653
4285,905.3265560623063,856.0996643480222
4286,905.2779337521187,856.0535174583792
4287,905.2293114419309,856.007370568736
4288,905.1806891317434,855.9612236790927
4289,905.132066821556,855.9150767894502
4290,905.0834445113684,855.8689298998072
4291,905.0348222011805,855.8227830101641
4292,904.9861998909929,855.7766361205203
4293,904.937577580806,855.7304892308772
4294,904.8889552706177,855.6843423412338
4295,904.8403329604306,855.6381954515905
4296,904.7917106502426,855.5920485619487
4297,904.7430883400549,855.5459016723048
4298,904.6944660298674,855.499754782662
4299,904.6458437196798,855.4536078930182
4300,904.5972214094926,855.4074610033758
4301,904.5485990993045,855.3613141137324
4302,904.4999767891172,855.3151672240889
4303,904.45135447893,855.2690203344463
4304,904.4027321687421,855.2228734448031
4305,904.3541098585544,855.1767265551598
4306,904.3054875483666,855.1305796655165
4307,904.2568652381789,855.0844327758739
4308,904.2082429279918,855.0382858862307
4309,904.1596206178039,854.9921389965874
4310,904.1109983076163,854.9459921069438
4311,904.062375997429,854.8998452173015
4312,904.0137536872418,854.8536983276579
4313,903.9651313770538,854.8075514380148
4314,903.9165090668658,854.7614045483722
4315,903.8678867566787,854.7152576587296
4316,903.819264446491,854.6691107690853
4317,903.7706421363033,854.6229638794424
4318,903.7220198261158,854.5768169897996
4319,903.6733975159282,854.5306701001563
4320,903.6247752057407,854.484523210513
4321,903.576152895553,854.4383763208698
4322,903.5275305853651,854.392229431227
4323,903.4789082751782,854.3460825415842
4324,903.4302859649898,854.2999356519402
4325,903.3816636548024,854.2537887622976
4326,903.3330413446146,854.2076418726542
4327,903.2844190344276,854.1614949830113
4328,903.2357967242397,854.1153480933683
4329,903.1871744140522,854.0692012037256
4330,903.1385521038649,854.0230543140817
4331,903.089929793677,853.9769074244389
4332,903.0413074834896,853.9307605347963
4333,902.9926851733018,853.8846136451525
4334,902.9440628631139,853.8384667555101
4335,902.8954405529265,853.7923198658665
4336,902.8468182427388,853.7461729762239
4337,902.7981959325514,853.7000260865806
4338,902.7495736223642,853.6538791969375
4339,902.7009513121762,853.6077323072949
4340,902.6523290019891,853.561585417651
4341,902.6037066918013,853.5154385280075
4342,902.5550843816137,853.4692916383646
4343,902.5064620714262,853.4231447487215
4344,902.4578397612379,853.3769978590784
4345,902.4092174510507,853.3308509694348
4346,902.3605951408634,853.2847040797925
4347,902.3119728306756,853.2385571901491
4348,902.2633505204878,853.192410300506
4349,902.214728210301,853.1462634108628
4350,902.1661059001128,853.1001165212198
4351,902.1174835899254,853.0539696315764
4352,902.0688612797379,853.0078227419338
4353,902.0202389695503,852.9616758522905
4354,901.9716166593628,852.9155289626467
4355,901.9229943491752,852.8693820730036
4356,901.8743720389874,852.8232351833608
4357,901.8257497287998,852.7770882937182
4358,901.7771274186123,852.7309414040748
4359,901.7285051084243,852.684794514432
4360,901.6798827982369,852.6386476247886
4361,901.6312604880495,852.5925007351459
4362,901.5826381778617,852.5463538455025
4363,901.5340158676738,852.5002069558594
4364,901.4853935574866,852.4540600662162
4365,901.4367712472994,852.4079131765737
4366,901.3881489371115,852.36176628693
4367,901.3395266269242,852.3156193972868
4368,901.2909043167361,852.2694725076432
4369,901.2422820065485,852.2233256180007
4370,901.1936596963607,852.177178728358
4371,901.1450373861737,852.1310318387146
4372,901.096415075986,852.0848849490716
4373,901.0477927657984,852.0387380594283
4374,900.9991704556107,851.9925911697849
4375,900.9505481454232,851.946444280142
4376,900.9019258352354,851.900297390499
4377,900.8533035250477,851.8541505008556
4378,900.8046812148604,851.8080036112127
4379,900.7560589046725,851.7618567215696
4380,900.707436594485,851.7157098319268
4381,900.6588142842978,851.669562942284
4382,900.6101919741103,851.6234160526399
4383,900.5615696639226,851.577269162997
4384,900.5129473537347,851.531122273354
4385,900.4643250435472,851.484975383711
4386,900.4157027333596,851.4388284940679
4387,900.3670804231717,851.3926816044246
4388,900.3184581129846,851.3465347147813
4389,900.269835802797,851.3003878251385
4390,900.221213492609,851.2542409354951
4391,900.1725911824219,851.208094045852
4392,900.1239688722344,851.1619471562092
4393,900.0753465620467,851.1158002665657
4394,900.026724251859,851.069653376923
4395,899.9781019416716,851.0235064872796
4396,899.9294796314837,850.9773595976366
4397,899.8808573212959,850.9312127079933
4398,899.8322350111088,850.8850658183509
4399,899.7836127009208,850.8389189287071
4400,899.7349903907336,850.7927720390645
4401,899.6863680805457,850.7466251494211
4402,899.6377457703583,850.7004782597784
4403,899.5891234601704,850.6543313701354
4404,899.5405011499835,850.6081844804918
4405,899.4918788397954,850.5620375908492
4406,899.4432565296077,850.5158907012056
4407,899.3946342194203,850.4697438115624
4408,899.3460119092325,850.4235969219192
4409,899.2973895990449,850.3774500322761
4410,899.2487672888574,850.3313031426328
4411,899.2001449786704,850.2851562529896
4412,899.1515226684828,850.2390093633472
4413,899.1029003582948,850.1928624737042
4414,899.0542780481069,850.1467155840601
4415,899.0056557379195,850.1005686944176
4416,898.9570334277317,850.0544218047744
4417,898.9084111175443,850.0082749151312
4418,898.8597888073566,849.9621280254881
4419,898.8111664971692,849.9159811358451
4420,898.7625441869819,849.8698342462015
4421,898.7139218767937,849.8236873565587
4422,898.6652995666066,849.7775404669154
4423,898.616677256419,849.7313935772726
4424,898.5680549462314,849.6852466876297
4425,898.5194326360435,849.6390997979861
4426,898.4708103258563,849.5929529083434
4427,898.4221880156688,849.5468060187004
4428,898.3735657054813,849.5006591290568
4429,898.3249433952932,849.4545122394143
4430,898.2763210851056,849.4083653497711
4431,898.2276987749177,849.3622184601278
4432,898.1790764647308,849.316071570485
4433,898.1304541545428,849.2699246808421
4434,898.0818318443557,849.2237777911981
4435,898.033209534168,849.1776309015552
4436,897.9845872239798,849.1314840119126
4437,897.9359649137926,849.085337122269
4438,897.8873426036049,849.0391902326256
4439,897.8387202934174,848.9930433429823
4440,897.7900979832295,848.9468964533396
4441,897.7414756730424,848.9007495636966
4442,897.6928533628551,848.8546026740535
4443,897.6442310526671,848.8084557844104
4444,897.5956087424798,848.7623088947673
4445,897.5469864322919,848.7161620051243
4446,897.4983641221039,848.670015115481
4447,897.4497418119171,848.6238682258378
4448,897.401119501729,848.5777213361945
4449,897.3524971915417,848.5315744465516
4450,897.3038748813536,848.4854275569086
4451,897.2552525711662,848.4392806672656
4452,897.2066302609786,848.3931337776223
4453,897.1580079507913,848.3469868879795
4454,897.1093856406036,848.3008399983361
4455,897.060763330416,848.2546931086925
4456,897.0121410202285,848.2085462190505
4457,896.9635187100406,848.1623993294066
4458,896.9148963998533,848.1162524397638
4459,896.8662740896659,848.070105550121
4460,896.817651779478,848.0239586604779
4461,896.76902946929,847.9778117708347
4462,896.720407159103,847.931664881191
4463,896.6717848489152,847.8855179915483
4464,896.6231625387277,847.8393711019047
4465,896.5745402285402,847.7932242122617
4466,896.5259179183523,847.7470773226186
4467,896.4772956081647,847.7009304329757
4468,896.4286732979774,847.6547835433325
4469,896.3800509877897,847.6086366536892
4470,896.3314286776022,847.5624897640454
4471,896.2828063674147,847.5163428744032
4472,896.2341840572271,847.4701959847605
4473,896.1855617470394,847.4240490951165
4474,896.1369394368518,847.3779022054739
4475,896.088317126664,847.331755315831
4476,896.0396948164761,847.285608426188
4477,895.9910725062891,847.2394615365444
4478,895.9424501961012,847.1933146469012
4479,895.8938278859138,847.1471677572583
4480,895.8452055757263,847.1010208676153
4481,895.7965832655385,847.0548739779717
4482,895.7479609553511,847.0087270883289
4483,895.6993386451633,846.9625801986862
4484,895.6507163349759,846.9164333090433
4485,895.6020940247886,846.8702864194
4486,895.5534717146007,846.8241395297565
4487,895.5048494044131,846.7779926401133
4488,895.4562270942257,846.7318457504703
4489,895.4076047840381,846.6856988608268
4490,895.3589824738503,846.639551971184
4491,895.310360163663,846.5934050815405
4492,895.2617378534752,846.547258191898
4493,895.2131155432878,846.5011113022545
4494,895.1644932331002,846.4549644126122
4495,895.1158709229123,846.4088175229685
4496,895.0672486127247,846.3626706333249
4497,895.0186263025372,846.3165237436822
4498,894.9700039923496,846.2703768540398
4499,894.9213816821616,846.2242299643962
4500,894.8727593719746,846.1780830747529
4501,894.824137061787,846.1319361851101
4502,894.7755147515995,846.085789295467
4503,894.7268924414119,846.0396424058237
4504,894.6782701312243,845.9934955161802
4505,894.6296478210367,845.9473486265376
4506,894.581025510849,845.9012017368938
4507,894.5324032006614,845.8550548472515
4508,894.4837808904736,845.8089079576082
4509,894.4351585802863,845.762761067965
4510,894.386536270099,845.7166141783223
4511,894.3379139599106,845.6704672886785
4512,894.2892916497236,845.6243203990355
4513,894.2406693395357,845.5781735093923
4514,894.1920470293487,845.5320266197491
4515,894.1434247191605,845.4858797301058
4516,894.0948024089728,845.4397328404631
4517,894.0461800987855,845.3935859508202
4518,893.9975577885979,845.3474390611769
4519,893.9489354784102,845.3012921715339
4520,893.9003131682225,845.2551452818903
4521,893.8516908580348,845.2089983922473
4522,893.8030685478478,845.1628515026043
4523,893.75444623766,845.1167046129614
4524,893.7058239274727,845.0705577233181
4525,893.6572016172844,845.0244108336758
4526,893.6085793070971,844.9782639440327
4527,893.5599569969094,844.9321170543896
4528,893.5113346867217,844.8859701647458
4529,893.4627123765342,844.8398232751024
4530,893.4140900663471,844.7936763854595
4531,893.3654677561591,844.7475294958165
4532,893.3168454459715,844.7013826061735
4533,893.2682231357841,844.6552357165298
4534,893.2196008255967,844.6090888268872
4535,893.1709785154087,844.562941937244
4536,893.1223562052214,844.5167950476005
4537,893.0737338950337,844.4706481579581
4538,893.0251115848461,844.4245012683143
4539,892.9764892746584,844.3783543786715
4540,892.9278669644709,844.3322074890284
4541,892.8792446542833,844.2860605993857
4542,892.8306223440954,844.2399137097425
4543,892.7820000339083,844.1937668200993
4544,892.7333777237203,844.1476199304561
4545,892.6847554135328,844.1014730408128
4546,892.6361331033456,844.0553261511701
4547,892.5875107931578,844.0091792615266
4548,892.53888848297,843.9630323718836
4549,892.4902661727828,843.9168854822403
4550,892.4416438625949,843.8707385925973
4551,892.3930215524077,843.8245917029544
4552,892.3443992422195,843.7784448133108
4553,892.2957769320326,843.7322979236678
4554,892.2471546218446,843.6861510340252
4555,892.198532311657,843.6400041443817
4556,892.1499100014693,843.5938572547383
4557,892.1012876912823,843.5477103650953
4558,892.0526653810946,843.5015634754527
4559,892.0040430709065,843.4554165858093
4560,891.9554207607189,843.409269696166
4561,891.9067984505313,843.3631228065232
4562,891.858176140344,843.3169759168795
4563,891.8095538301561,843.2708290272367
4564,891.7609315199685,843.2246821375935
4565,891.7123092097816,843.1785352479505
4566,891.6636868995934,843.1323883583079
4567,891.6150645894061,843.0862414686644
4568,891.5664422792184,843.0400945790216
4569,891.5178199690312,842.9939476893782
4570,891.4691976588431,842.9478007997355
4571,891.4205753486557,842.9016539100917
4572,891.371953038468,842.8555070204491
4573,891.3233307282808,842.8093601308063
4574,891.2747084180928,842.7632132411629
4575,891.2260861079053,842.7170663515196
4576,891.1774637977177,842.6709194618766
4577,891.12884148753,842.6247725722334
4578,891.0802191773422,842.578625682591
4579,891.031596867155,842.5324787929472
4580,890.9829745569668,842.4863319033034
4581,890.9343522467797,842.4401850136603
4582,890.8857299365917,842.3940381240175
4583,890.8371076264048,842.3478912343744
4584,890.788485316217,842.3017443447314
4585,890.7398630060292,842.2555974550883
4586,890.6912406958417,842.209450565445
4587,890.6426183856543,842.163303675802
4588,890.5939960754666,842.1171567861593
4589,890.5453737652791,842.0710098965159
4590,890.4967514550914,842.0248630068729
4591,890.448129144904,841.9787161172296
4592,890.3995068347162,841.9325692275863
4593,890.3508845245289,841.8864223379438
4594,890.3022622143416,841.8402754483006
4595,890.2536399041537,841.7941285586572
4596,890.2050175939662,841.7479816690142
4597,890.156395283778,841.7018347793712
4598,890.1077729735908,841.6556878897279
4599,890.0591506634031,841.609541000085
4600,890.0105283532156,841.5633941104414
4601,889.9619060430279,841.5172472207987
4602,889.9132837328406,841.4711003311556
4603,889.8646614226524,841.4249534415121
4604,889.8160391124653,841.3788065518692
4605,889.7674168022777,841.3326596622268
4606,889.7187944920898,841.2865127725827
4607,889.6701721819023,841.2403658829402
4608,889.6215498717149,841.1942189932961
4609,889.5729275615271,841.1480721036534
4610,889.5243052513399,841.1019252140103
4611,889.4756829411523,841.0557783243672
4612,889.4270606309643,841.0096314347244
4613,889.3784383207767,840.9634845450813
4614,889.3298160105891,840.9173376554382
4615,889.2825911501218,840.8728343898397
4616,889.2365278841418,840.8296973448655
4617,889.1904646181622,840.7865602998912
4618,889.1444013521823,840.7434232549163
4619,889.0983380862028,840.700286209942
4620,889.0522748202228,840.6571491649681
4621,889.0062115542424,840.6140121199942
4622,888.9601482882632,840.5708750750192
4623,888.9140850222834,840.5277380300445
4624,888.8680217563032,840.4846009850702
4625,888.8219584903233,840.4414639400966
4626,888.7758952243439,840.3983268951218
4627,888.7298319583637,840.3551898501477
4628,888.6837686923843,840.3120528051735
4629,888.637705426404,840.2689157601984
4630,888.591642160424,840.2257787152248
4631,888.5455788944444,840.1826416702504
4632,888.4995156284647,840.1395046252754
4633,888.4534523624842,840.0963675803014
4634,888.4073890965052,840.053230535327
4635,888.3613258305245,840.0100934903534
4636,888.315262564545,839.9669564453791
4637,888.269199298565,839.9238194004042
4638,888.2231360325852,839.8806823554298
4639,888.1770727666056,839.837545310456
4640,888.1310095006255,839.794408265482
4641,888.0849462346457,839.7512712205071
4642,888.0388829686664,839.7081341755331
4643,887.9928197026859,839.664997130559
4644,887.9467564367063,839.6218600855843
4645,887.900693170726,839.5787230406107
4646,887.8546299047465,839.5355859956355
4647,887.8085666387665,839.4924489506616
4648,887.7625033727868,839.4493119056866
4649,887.716440106807,839.4061748607127
4650,887.6703768408274,839.3630378157385
4651,887.6243135748473,839.3199007707648
4652,887.5782503088673,839.27676372579
4653,887.5321870428872,839.2336266808153
4654,887.4861237769078,839.1904896358409
4655,887.4400605109275,839.1473525908671
4656,887.3939972449476,839.1042155458923
4657,887.347933978968,839.0610785009184
4658,887.3018707129884,839.017941455944
4659,887.2558074470081,838.9748044109696
4660,887.2097441810283,838.9316673659955
4661,887.1636809150485,838.8885303210209
4662,887.1176176490686,838.8453932760468
4663,887.0715543830887,838.8022562310722
4664,887.025491117109,838.7591191860975
4665,886.9794278511288,838.7159821411237
4666,886.9333645851491,838.6728450961497
4667,886.8873013191688,838.6297080511747
4668,886.8412380531893,838.5865710062005
4669,886.7951747872099,838.5434339612264
4670,886.74911152123,838.5002969162521
4671,886.7030482552501,838.4571598712779
4672,886.6569849892703,838.4140228263042
4673,886.6109217232903,838.3708857813289
4674,886.5648584573104,838.3277487363545
4675,886.5187951913305,838.2846116913807
4676,886.4727319253507,838.2414746464068
4677,886.4266686593706,838.1983376014318
4678,886.3806053933909,838.1552005564582
4679,886.3345421274108,838.1120635114829
4680,886.2884788614314,838.0689264665089
4681,886.2424155954512,838.0257894215353
4682,886.1963523294711,837.9826523765604
4683,886.1502890634914,837.9395153315859
4684,886.1042257975118,837.8963782866119
4685,886.0581625315319,837.8532412416372
4686,886.012099265552,837.8101041966632
4687,885.9660359995722,837.766967151689
4688,885.9199727335922,837.7238301067154
4689,885.8739094676121,837.68069306174
4690,885.8278462016325,837.6375560167661
4691,885.7817829356528,837.5944189717917
4692,885.735719669673,837.5512819268175
4693,885.6896564036928,837.5081448818428
4694,885.6435931377131,837.4650078368685
4695,885.5975298717334,837.4218707918944
4696,885.5514666057533,837.3787337469196
4697,885.5054033397739,837.3355967019461
4698,885.4593400737939,837.2924596569715
4699,885.4132768078143,837.2493226119974
4700,885.3672135418348,837.2061855670225
4701,885.3211502758538,837.1630485220489
4702,885.275087009874,837.1199114770741
4703,885.2290237438945,837.0767744321001
4704,885.1829604779148,837.0336373871253
4705,885.1368972119348,836.9905003421513
4706,885.0908339459551,836.9473632971767
4707,885.0447706799753,836.9042262522029
4708,884.998707413995,836.861089207228
4709,884.9526441480152,836.8179521622541
4710,884.9065808820359,836.7748151172796
4711,884.8605176160552,836.7316780723054
4712,884.8144543500757,836.6885410273312
4713,884.7683910840957,836.6454039823568
4714,884.7223278181164,836.602266937382
4715,884.6762645521363,836.5591298924081
4716,884.630201286156,836.5159928474338
4717,884.5841380201766,836.4728558024594
4718,884.5380747541964,836.4297187574847
4719,884.4920114882168,836.3865817125114
4720,884.4459482222368,836.3434446675362
4721,884.3998849562569,836.3003076225624
4722,884.3538216902772,836.2571705775883
4723,884.3077584242978,836.2140335326138
4724,884.2616951583173,836.1708964876393
4725,884.2156318923377,836.127759442665
4726,884.1695686263579,836.0846223976905
4727,884.1235053603781,836.041485352716
4728,884.0774420943976,835.9983483077416
4729,884.0313788284184,835.9552112627674
4730,883.9853155624384,835.9120742177939
4731,883.9392522964588,835.8689371728191
4732,883.8931890304788,835.8258001278449
4733,883.8471257644989,835.7826630828705
4734,883.8010624985192,835.7395260378961
4735,883.754999232539,835.6963889929224
4736,883.7089359665595,835.653251947948
4737,883.6628727005794,835.6101149029735
4738,883.616809434599,835.5669778579987
4739,883.5707461686201,835.5238408130251
4740,883.5246829026396,835.4807037680506
4741,883.4786196366603,835.4375667230756
4742,883.4325563706799,835.3944296781015
4743,883.3864931047,835.3512926331268
4744,883.3404298387202,835.3081555881531
4745,883.2943665727404,835.2650185431783
4746,883.2483033067601,835.2218814982042
4747,883.2022400407806,835.1787444532298
4748,883.156176774801,835.1356074082561
4749,883.1101135088207,835.0924703632807
4750,883.064050242841,835.0493333183068
4751,883.0179869768614,835.0061962733325
4752,882.9719237108817,834.9630592283587
4753,882.9258604449017,834.9199221833837
4754,882.8797971789213,834.8767851384098
4755,882.8337339129413,834.8336480934353
4756,882.7876706469619,834.7905110484616
4757,882.7416073809824,834.7473740034864
4758,882.6955441150022,834.7042369585124
4759,882.6494808490226,834.6610999135382
4760,882.6034175830424,834.6179628685637
4761,882.5573543170624,834.5748258235895
4762,882.5112910510828,834.5316887786146
4763,882.4652277851031,834.4885517336409
4764,882.4191645191231,834.4454146886663
4765,882.3731012531434,834.4022776436924
4766,882.3270379871637,834.3591405987183
4767,882.2809747211835,834.3160035537436
4768,882.2349114552036,834.2728665087694
4769,882.1888481892239,834.2297294637951
4770,882.1427849232441,834.1865924188205
4771,882.0967216572643,834.1434553738467
4772,882.0506583912843,834.1003183288723
4773,882.0045951253041,834.0571812838976
4774,881.9585318593241,834.0140442389238
4775,881.9124685933451,833.9709071939494
4776,881.8664053273652,833.927770148975
4777,881.8203420613848,833.8846331040005
4778,881.774278795405,833.8414960590266
4779,881.7282155294253,833.7983590140518
4780,881.6821522634455,833.7552219690774
4781,881.6360889974655,833.7120849241035
4782,881.5900257314855,833.6689478791287
4783,881.5439624655057,833.6258108341548
4784,881.4978991995258,833.58267378918
4785,881.4518359335464,833.5395367442067
4786,881.4057726675663,833.4963996992317
4787,881.359709401586,833.4532626542572
4788,881.3136461356064,833.4101256092828
4789,881.2675828696266,833.3669885643093
4790,881.2215196036466,833.3238515193343
4791,881.1754563376672,833.2807144743604
4792,881.1293930716872,833.2375774293853
4793,881.0833298057071,833.194440384412
4794,881.0372665397274,833.151303339437
4795,880.9912032737476,833.1081662944628
4796,880.9451400077679,833.0650292494884
4797,880.8990767417879,833.0218922045142
4798,880.8530134758076,832.9787551595397
4799,880.8069502098278,832.9356181145655
4800,880.7608869438482,832.8924810695918
4801,880.7148236778683,832.8493440246173
4802,880.6687604118887,832.8062069796429
4803,880.6226971459087,832.7630699346681
4804,880.5766338799286,832.7199328896944
4805,880.5305706139488,832.6767958447195
4806,880.4845073479689,832.6336587997455
4807,880.4384440819892,832.5905217547711
4808,880.3923808160092,832.5473847097971
4809,880.3463175500297,832.504247664823
4810,880.3002542840495,832.4611106198486
4811,880.2541910180701,832.4179735748735
4812,880.2081277520898,832.3748365298997
4813,880.1620644861101,832.3316994849251
4814,880.1160012201304,832.2885624399514
4815,880.0699379541503,832.2454253949768
4816,880.0238746881706,832.2022883500027
4817,879.9778114221906,832.159151305028
4818,879.9317481562106,832.1160142600536
4819,879.8856848902313,832.0728772150801
4820,879.8396216242512,832.0297401701054
4821,879.7935583582708,831.986603125131
4822,879.7474950922913,831.9434660801568
4823,879.7014318263115,831.9003290351818
4824,879.6553685603317,831.8571919902075
4825,879.6093052943514,831.8140549452332
4826,879.5632420283721,831.7709179002593
4827,879.5171787623918,831.7277808552847
4828,879.471115496412,831.6846438103108
4829,879.4250522304322,831.6415067653361
4830,879.3789889644526,831.5983697203618
4831,879.3329256984724,831.555232675388
4832,879.2868624324931,831.5120956304135
4833,879.2407991665128,831.4689585854387
4834,879.1947359005333,831.4258215404652
4835,879.1486726345531,831.3826844954908
4836,879.1026093685736,831.3395474505162
4837,879.0565461025933,831.2964104055419
4838,879.0104828366137,831.2532733605674
4839,878.9644195706337,831.2101363155933
4840,878.918356304654,831.1669992706192
4841,878.8722930386741,831.1238622256443
4842,878.8262297726945,831.0807251806699
4843,878.780166506714,831.037588135696
4844,878.7341032407347,830.9944510907214
4845,878.6880399747546,830.9513140457475
4846,878.6419767087749,830.9081770007728
4847,878.5959134427945,830.8650399557986
4848,878.5498501768147,830.8219029108246
4849,878.5037869108351,830.77876586585
4850,878.457723644855,830.7356288208762
4851,878.4116603788752,830.6924917759017
4852,878.3655971128956,830.6493547309273
4853,878.3195338469161,830.6062176859531
4854,878.2734705809357,830.5630806409783
4855,878.2274073149556,830.5199435960042
4856,878.1813440489766,830.47680655103
4857,878.1352807829965,830.4336695060559
4858,878.0892175170166,830.3905324610806
4859,878.0431542510365,830.3473954161069
4860,877.9970909850568,830.3042583711324
4861,877.9510277190767,830.2611213261589
4862,877.904964453097,830.2179842811843
4863,877.8589011871175,830.1748472362098
4864,877.8128379211374,830.1317101912352
4865,877.7667746551574,830.0885731462612
4866,877.7207113891775,830.0454361012867
4867,877.6746481231975,830.0022990563126
4868,877.6285848572184,829.959162011338
4869,877.5825215912379,829.916024966364
4870,877.536458325258,829.8728879213899
4871,877.490395059278,829.8297508764152
4872,877.4443317932984,829.7866138314406
4873,877.3982685273186,829.7434767864662
4874,877.3522052613388,829.7003397414923
4875,877.3061419953592,829.6572026965182
4876,877.2600787293791,829.6140656515436
4877,877.214015463399,829.5709286065689
4878,877.1679521974194,829.5277915615952
4879,877.1218889314389,829.4846545166208
4880,877.0758256654597,829.4415174716464
4881,877.0297623994795,829.3983804266725
4882,876.9836991335,829.3552433816972
4883,876.9376358675199,829.3121063367237
4884,876.8915726015399,829.268969291749
4885,876.8455093355603,829.2258322467749
4886,876.7994460695805,829.1826952018006
4887,876.7533828036004,829.1395581568258
4888,876.7073195376207,829.0964211118516
4889,876.6612562716409,829.0532840668774
4890,876.6151930056608,829.0101470219028
4891,876.5691297396811,828.9670099769291
4892,876.5230664737011,828.9238729319551
4893,876.4770032077213,828.8807358869806
4894,876.4309399417414,828.8375988420061
4895,876.3848766757617,828.7944617970322
4896,876.3388134097818,828.7513247520575
4897,876.2927501438021,828.7081877070833
4898,876.2466868778222,828.6650506621094
4899,876.2006236118419,828.6219136171343
4900,876.1545603458621,828.5787765721603
4901,876.1084970798828,828.5356395271856
4902,876.0624338139029,828.4925024822113
4903,876.0163705479226,828.449365437237
4904,875.9703072819431,828.4062283922631
4905,875.9242440159632,828.3630913472883
4906,875.8781807499832,828.3199543023143
4907,875.8321174840038,828.2768172573398
4908,875.7860542180232,828.2336802123651
4909,875.7399909520441,828.1905431673911
4910,875.6939276860636,828.1474061224166
4911,875.6478644200841,828.1042690774426
4912,875.6018011541041,828.061132032468
4913,875.5557378881243,828.0179949874937
4914,875.5096746221442,827.9748579425194
4915,875.4636113561645,827.9317208975457
4916,875.4175480901849,827.888583852571
4917,875.3714848242053,827.8454468075968
4918,875.3254215582251,827.8023097626219
4919,875.2793582922457,827.7591727176482
4920,875.2332950262653,827.7160356726733
4921,875.1872317602853,827.6728986276996
4922,875.1411684943055,827.6297615827253
4923,875.0951052283257,827.5866245377509
4924,875.0490419623457,827.5434874927766
4925,875.0029786963657,827.5003504478022
4926,874.9569154303862,827.4572134028281
4927,874.9108521644064,827.4140763578536
4928,874.8647888984268,827.3709393128795
4929,874.8187256324466,827.327802267905
4930,874.7726623664666,827.2846652229305
4931,874.7265991004872,827.2415281779563
4932,874.6805358345069,827.1983911329824
4933,874.6344725685269,827.1552540880084
4934,874.588409302547,827.1121170430334
4935,874.5423460365673,827.0689799980591
4936,874.4962827705876,827.0258429530845
4937,874.4502195046077,826.9827059081103
4938,874.4041562386275,826.9395688631358
4939,874.3580929726477,826.8964318181619
4940,874.3120297066679,826.8532947731874
4941,874.2659664406883,826.8101577282134
4942,874.2199031747087,826.7670206832383
4943,874.1738399087284,826.7238836382642
4944,874.1277766427487,826.6807465932902
4945,874.0817133767688,826.6376095483155
4946,874.035650110789,826.594472503341
4947,873.9895868448089,826.551335458367
4948,873.9435235788291,826.5081984133933
4949,873.897460312849,826.4650613684184
4950,873.8513970468695,826.4219243234439
4951,873.8053337808892,826.37878727847
4952,873.75927051491,826.3356502334957
4953,873.7132072489303,826.2925131885213
4954,873.6671439829499,826.249376143547
4955,873.6210807169701,826.2062390985725
4956,873.5750174509903,826.1631020535988
4957,873.5289541850103,826.1199650086241
4958,873.4828909190304,826.0768279636499
4959,873.4368276530505,826.0336909186752
4960,873.390764387071,825.9905538737015
4961,873.3447011210911,825.9474168287269
4962,873.2986378551107,825.9042797837527
4963,873.2525745891311,825.8611427387784
4964,873.2065113231513,825.8180056938041
4965,873.1604480571713,825.77486864883
4966,873.1143847911914,825.731731603856
4967,873.0683215252116,825.6885945588812
4968,873.0222582592319,825.6454575139064
4969,872.9761949932524,825.6023204689328
4970,872.9301317272727,825.5591834239584
4971,872.8840684612924,825.516046378984
4972,872.838005195313,825.4729093340093
4973,872.7919419293331,825.4297722890351
4974,872.7458786633524,825.386635244061
4975,872.6998153973731,825.3434981990868
4976,872.6537521313933,825.3003611541121
4977,872.6076888654134,825.2572241091373
4978,872.5616255994333,825.2140870641639
4979,872.5155623334535,825.1709500191889
4980,872.4694990674741,825.1278129742146
4981,872.423435801494,825.0846759292408
4982,872.3773725355142,825.0415388842665
4983,872.3313092695344,824.9984018392922
4984,872.2852460035543,824.9552647943174
4985,872.2391827375745,824.9121277493434
4986,872.1931194715949,824.8689907043687
4987,872.1470562056144,824.8258536593943
4988,872.1009929396348,824.7827166144206
4989,872.054929673655,824.7395795694463
4990,872.0088664076753,824.6964425244714
4991,871.9628031416954,824.6533054794979
4992,871.9167398757154,824.6101684345231
4993,871.8706766097354,824.5670313895492
4994,871.8246133437555,824.5238943445745
4995,871.7785500777759,824.4807572996006
4996,871.7324868117961,824.4376202546266
4997,871.6864235458164,824.3944832096514
4998,871.6403602798364,824.3513461646771
4999,871.5942970138564,824.3082091197031
5000,871.5482337478768,824.2650720747287
5001,871.5021704818967,824.2219350297546
5002,871.456107215917,824.1787979847796
5003,871.4100439499374,824.1356609398061
5004,871.3639806839572,824.0925238948315
5005,871.317917417977,824.0493868498572
5006,871.2718541519974,824.0062498048826
5007,871.2257908860176,823.9631127599087
5008,871.1797276200377,823.9199757149341
5009,871.1336643540578,823.8768386699601
5010,871.0876010880777,823.8337016249855
5011,871.041537822098,823.7905645800115
5012,870.9954745561186,823.7474275350372
5013,870.9494112901382,823.7042904900629
5014,870.9033480241586,823.6611534450889
5015,870.8572847581786,823.6180164001145
5016,870.8112214921986,823.5748793551397
5017,870.7651582262189,823.5317423101651
5018,870.7190949602386,823.4886052651907
5019,870.6730316942592,823.445468220217
5020,870.6269684282793,823.4023311752422
5021,870.5809051622995,823.3591941302682
5022,870.5348418963197,823.3160570852937
5023,870.4887786303399,823.2729200403191
5024,870.4427153643604,823.229782995345
5025,870.39665209838,823.1866459503711
5026,870.3505888324003,823.143508905397
5027,870.3045255664206,823.1003718604222
5028,870.2584623004408,823.0572348154483
5029,870.2123990344604,823.0140977704737
5030,870.1663357684807,822.9709607254996
5031,870.1202725025008,822.927823680525
5032,870.0742092365211,822.8846866355505
5033,870.0281459705411,822.8415495905763
5034,869.9820827045614,822.7984125456021
5035,869.9360194385814,822.7552755006278
5036,869.8899561726017,822.7121384556539
5037,869.843892906622,822.669001410679
5038,869.7978296406419,822.6258643657045
5039,869.7517663746621,822.5827273207304
5040,869.7057031086823,822.5395902757563
5041,869.6596398427022,822.4964532307819
5042,869.6135765767226,822.4533161858072
5043,869.5675133107427,822.410179140833
5044,869.5214500447628,822.367042095859
5045,869.475386778783,822.3239050508848
5046,869.4293235128032,822.2807680059103
5047,869.3832602468233,822.2376309609361
5048,869.3371969808439,822.1944939159616
5049,869.2911337148632,822.1513568709872
5050,869.2450704488836,822.1082198260133
5051,869.1990071829039,822.065082781039
5052,869.1529439169238,822.0219457360645
5053,869.1068806509445,821.9788086910899
5054,869.0608173849644,821.9356716461161
5055,869.0147541189842,821.8925346011416
5056,868.9686908530045,821.8493975561669
5057,868.9226275870244,821.8062605111934
5058,868.8765643210446,821.7631234662177
5059,868.8305010550649,821.7199864212441
5060,868.7844377890852,821.6768493762701
5061,868.7383745231047,821.6337123312958
5062,868.6923112571251,821.5905752863212
5063,868.646247991146,821.5474382413469
5064,868.6001847251655,821.5043011963724
5065,868.5541214591857,821.4611641513989
5066,868.508058193206,821.4180271064245
5067,868.461994927226,821.3748900614497
5068,868.415931661246,821.3317530164751
5069,868.3698683952662,821.2886159715009
5070,868.3238051292866,821.2454789265269
5071,868.2777418633065,821.2023418815528
5072,868.2316785973268,821.1592048365779
5073,868.1856153313472,821.1160677916035
5074,868.1395520653666,821.0729307466295
5075,868.0934887993868,821.0297937016554
5076,868.0474255334072,820.9866566566809
5077,868.0013622674276,820.9435196117062
5078,867.9552990014478,820.9003825667321
5079,867.9092357354679,820.8572455217579
5080,867.8631724694883,820.8141084767833
5081,867.8171092035084,820.7709714318091
5082,867.7710459375282,820.727834386835
5083,867.7249826715482,820.6846973418612
5084,867.6789194055688,820.6415602968863
5085,867.6328561395889,820.598423251912
5086,867.5867928736086,820.555286206938
5087,867.540729607629,820.5121491619636
5088,867.494666341649,820.4690121169891
5089,867.4486030756688,820.4258750720151
5090,867.4025398096894,820.3827380270405
5091,867.3564765437093,820.3396009820659
5092,867.3104132777299,820.2964639370923
5093,867.2643500117499,820.2533268921173
5094,867.2182867457699,820.2101898471423
5095,867.1722234797901,820.167052802169
5096,867.1261602138102,820.123915757195
5097,867.0800969478302,820.0807787122199
5098,867.0340336818504,820.0376416672461
5099,866.9879704158708,819.9945046222712
5100,866.9419071498909,819.9513675772971
5101,866.8958438839105,819.9082305323225
5102,866.8497806179305,819.8650934873488
5103,866.8037173519509,819.8219564423744
5104,866.7576540859714,819.7788193973998
5105,866.7115908199914,819.7356823524256
5106,866.6655275540119,819.6925453074512
5107,866.6194642880321,819.649408262477
5108,866.5734010220517,819.6062712175026
5109,866.5273377560719,819.5631341725286
5110,866.4812744900921,819.5199971275539
5111,866.4352112241125,819.4768600825797
5112,866.3891479581328,819.4337230376054
5113,866.3430846921526,819.3905859926311
5114,866.297021426173,819.3474489476569
5115,866.250958160193,819.3043119026826
5116,866.2048948942125,819.2611748577085
5117,866.1588316282332,819.218037812734
5118,866.1127683622536,819.1749007677598
5119,866.0667050962738,819.1317637227852
5120,866.0206418302932,819.0886266778114
5121,865.9745785643137,819.0454896328366
5122,865.9285152983339,819.0023525878621
5123,865.8824520323543,818.9592155428877
5124,865.836388766374,818.9160784979142
5125,865.7903255003946,818.8729414529398
5126,865.7442622344141,818.8298044079653
5127,865.6981989684343,818.7866673629907
5128,865.6521357024544,818.7435303180167
5129,865.6060724364748,818.700393273042
5130,865.5600091704948,818.657256228067
5131,865.5139459045153,818.6141191830939
5132,865.4678826385353,818.5709821381191
5133,865.4218193725555,818.5278450931447
5134,865.3757561065752,818.4847080481704
5135,865.3296928405955,818.441571003196
5136,865.2836295746159,818.3984339582217
5137,865.2375663086358,818.3552969132476
5138,865.1915030426566,818.3121598682732
5139,865.1454397766763,818.2690228232991
5140,865.0993765106962,818.2258857783247
5141,865.0533132447163,818.1827487333502
5142,865.0072499787364,818.1396116883756
5143,864.9611867127567,818.0964746434018
5144,864.9151234467772,818.0533375984273
5145,864.8690601807969,818.0102005534532
5146,864.8229969148175,817.967063508479
5147,864.7769336488373,817.923926463505
5148,864.7308703828577,817.8807894185304
5149,864.6848071168776,817.8376523735561
5150,864.6387438508975,817.7945153285818
5151,864.592680584918,817.7513782836076
5152,864.5466173189377,817.7082412386331
5153,864.5005540529584,817.6651041936589
5154,864.4544907869783,817.6219671486846
5155,864.4084275209985,817.5788301037103
5156,864.3623642550189,817.5356930587357
5157,864.3163009890391,817.4925560137615
5158,864.2702377230588,817.4494189687878
5159,864.2241744570792,817.4062819238133
5160,864.1781111910994,817.3631448788383
5161,864.1320479251194,817.3200078338641
5162,864.0859846591397,817.27687078889
5163,864.0399213931596,817.2337337439158
5164,863.9938581271798,817.1905966989414
5165,863.9477948612001,817.1474596539668
5166,863.9017315952199,817.1043226089928
5167,863.8556683292403,817.0611855640184
5168,863.8096050632602,817.0180485190442
5169,863.7635417972807,816.9749114740699
5170,863.7174785313003,816.9317744290953
5171,863.6714152653211,816.8886373841208
5172,863.6253519993412,816.8455003391466
5173,863.5792887333608,816.8023632941723
5174,863.5332254673813,816.7592262491985
5175,863.4871622014015,816.7160892042237
5176,863.4410989354212,816.672952159249
5177,863.3950356694417,816.6298151142753
5178,863.3489724034615,816.5866780693009
5179,863.3029091374817,816.5435410243269
5180,863.2568458715019,816.5004039793524
5181,863.2107826055221,816.4572669343773
5182,863.1647193395421,816.4141298894033
5183,863.1186560735625,816.3709928444295
5184,863.0725928075824,816.3278557994552
5185,863.0265295416026,816.2847187544805
5186,862.9804662756233,816.2415817095062
5187,862.9344030096435,816.1984446645317
5188,862.888339743663,816.155307619558
5189,862.8422764776834,816.1121705745835
5190,862.7962132117041,816.0690335296086
5191,862.7501499457237,816.0258964846345
5192,862.7040866797437,815.9827594396605
5193,862.658023413764,815.9396223946862
5194,862.6119601477841,815.8964853497118
5195,862.5658968818038,815.8533483047383
5196,862.5198336158247,815.8102112597632
5197,862.4737703498446,815.767074214789
5198,862.4277070838648,815.7239371698142
5199,862.381643817885,815.6808001248405
5200,862.3355805519052,815.6376630798661
5201,862.2895172859251,815.5945260348917
5202,862.243454019945,815.5513889899172
5203,862.1973907539652,815.5082519449428
5204,862.1513274879852,815.465114899969
5205,862.1052642220052,815.4219778549946
5206,862.0592009560255,815.3788408100196
5207,862.0131376900459,815.3357037650459
5208,861.9670744240664,815.2925667200716
5209,861.9210111580861,815.2494296750979
5210,861.8749478921064,815.2062926301232
5211,861.8288846261268,815.1631555851486
5212,861.782821360147,815.1200185401739
5213,861.7367580941668,815.0768814951999
5214,861.6906948281868,815.033744450226
5215,861.64590354615,814.9920143694417
5216,861.6021695683688,814.9514537918062
5217,861.5584355905872,814.9108932141705
5218,861.5147016128066,814.870332636535
5219,861.4709676350249,814.8297720588994
5220,861.4272336572437,814.7892114812639
5221,861.3834996794627,814.7486509036281
5222,861.3397657016815,814.7080903259922
5223,861.2960317238999,814.6675297483572
5224,861.2522977461192,814.626969170722
5225,861.2085637683377,814.5864085930855
5226,861.1648297905563,814.5458480154507
5227,861.1210958127754,814.5052874378152
5228,861.0773618349939,814.4647268601796
5229,861.033627857213,814.4241662825445
5230,860.9898938794316,814.3836057049085
5231,860.9461599016504,814.3430451272733
5232,860.9024259238694,814.3024845496374
5233,860.8586919460878,814.2619239720018
5234,860.8149579683067,814.2213633943661
5235,860.7712239905255,814.1808028167311
5236,860.7274900127439,814.1402422390952
5237,860.6837560349629,814.0996816614598
5238,860.6400220571818,814.0591210838239
5239,860.5962880794008,814.0185605061886
5240,860.5525541016189,813.9779999285532
5241,860.5088201238381,813.9374393509172
5242,860.4650861460565,813.8968787732819
5243,860.4213521682757,813.8563181956463
5244,860.3776181904939,813.8157576180108
5245,860.3338842127132,813.7751970403755
5246,860.2901502349318,813.7346364627397
5247,860.2464162571512,813.6940758851043
5248,860.2026822793688,813.6535153074689
5249,860.1589483015878,813.6129547298333
5250,860.115214323807,813.5723941521978
5251,860.0714803460253,813.5318335745626
5252,860.0277463682442,813.4912729969266
5253,859.9840123904631,813.4507124192909
5254,859.940278412682,813.4101518416558
5255,859.8965444349004,813.3695912640203
5256,859.8528104571194,813.3290306863845
5257,859.8090764793383,813.2884701087493
5258,859.7653425015569,813.2479095311132
5259,859.7216085237759,813.207348953478
5260,859.6778745459943,813.166788375842
5261,859.634140568213,813.1262277982065
5262,859.5904065904318,813.085667220571
5263,859.5466726126506,813.045106642936
5264,859.5029386348695,813.0045460653004
5265,859.4592046570884,812.9639854876649
5266,859.4154706793075,812.9234249100297
5267,859.371736701526,812.8828643323939
5268,859.3280027237445,812.842303754758
5269,859.2842687459636,812.8017431771223
5270,859.240534768182,812.7611825994873
5271,859.1968007904011,812.7206220218515
5272,859.1530668126196,812.6800614442155
5273,859.1093328348385,812.6395008665803
5274,859.0655988570571,812.5989402889446
5275,859.0218648792761,812.5583797113092
5276,858.978130901495,812.5178191336737
5277,858.9343969237132,812.4772585560382
5278,858.8906629459326,812.4366979784027
5279,858.846928968151,812.3961374007672
5280,858.8031949903699,812.3555768231311
5281,858.7594610125888,812.3150162454959
5282,858.7157270348072,812.2744556678607
5283,858.6719930570263,812.2338950902245
5284,858.6282590792451,812.1933345125889
5285,858.5845251014638,812.1527739349541
5286,858.5407911236823,812.1122133573185
5287,858.4970571459014,812.0716527796824
5288,858.45332316812,812.0310922020474
5289,858.4095891903389,811.9905316244111
5290,858.3658552125579,811.9499710467763
5291,858.3221212347762,811.9094104691401
5292,858.2783872569952,811.8688498915049
5293,858.2346532792137,811.828289313869
5294,858.1909193014324,811.7877287362336
5295,858.1471853236516,811.747168158598
5296,858.1034513458696,811.7066075809632
5297,858.0597173680889,811.6660470033274
5298,858.0159833903077,811.6254864256914
5299,857.9722494125264,811.5849258480561
5300,857.9285154347453,811.5443652704208
5301,857.884781456964,811.5038046927849
5302,857.8410474791826,811.4632441151496
5303,857.7973135014016,811.4226835375138
5304,857.7535795236201,811.3821229598785
5305,857.7098455458391,811.3415623822433
5306,857.6661115680581,811.3010018046073
5307,857.622377590277,811.2604412269718
5308,857.5786436124955,811.2198806493366
5309,857.5349096347145,811.1793200717009
5310,857.4911756569328,811.1387594940655
5311,857.4474416791513,811.0981989164296
5312,857.4037077013703,811.0576383387947
5313,857.3599737235895,811.0170777611582
5314,857.316239745808,810.9765171835231
5315,857.2725057680269,810.9359566058872
5316,857.2287717902454,810.895396028252
5317,857.1850378124642,810.8548354506161
5318,857.1413038346828,810.8142748729805
5319,857.0975698569016,810.7737142953457
5320,857.0538358791205,810.7331537177095
5321,857.0101019013397,810.6925931400749
5322,856.9663679235576,810.6520325624386
5323,856.9226339457771,810.6114719848031
5324,856.8788999679956,810.5709114071677
5325,856.8351659902146,810.5303508295322
5326,856.7914320124332,810.4897902518962
5327,856.7476980346514,810.4492296742608
5328,856.7039640568704,810.4086690966257
5329,856.6602300790893,810.3681085189904
5330,856.6164961013081,810.3275479413542
5331,856.5727621235271,810.2869873637189
5332,856.5290281457455,810.2464267860834
5333,856.4852941679645,810.2058662084484
5334,856.4415601901835,810.1653056308127
5335,856.3978262124022,810.1247450531769
5336,856.3540922346207,810.0841844755414
5337,856.3103582568399,810.0436238979061
5338,856.2666242790583,810.0030633202699
5339,856.2228903012774,809.9625027426342
5340,856.1791563234963,809.9219421649989
5341,856.1354223457146,809.8813815873636
5342,856.0916883679337,809.8408210097276
5343,856.0479543901524,809.800260432092
5344,856.0042204123712,809.7596998544562
5345,855.9604864345895,809.7191392768214
5346,855.9167524568086,809.6785786991853
5347,855.8730184790273,809.63801812155
5348,855.8292845012462,809.5974575439146
5349,855.7855505234648,809.5568969662794
5350,855.7418165456836,809.5163363886436
5351,855.6980825679022,809.4757758110077
5352,855.6543485901211,809.4352152333728
5353,855.6106146123399,809.3946546557371
5354,855.566880634559,809.3540940781021
5355,855.5231466567774,809.313533500466
5356,855.4794126789963,809.2729729228305
5357,855.4356787012149,809.2324123451953
5358,855.3919447234337,809.1918517675593
5359,855.3482107456523,809.1512911899238
5360,855.304476767871,809.110730612288
5361,855.2607427900901,809.0701700346525
5362,855.2170088123091,809.0296094570169
5363,855.1732748345278,808.9890488793819
5364,855.1295408567463,808.948488301746
5365,855.0858068789648,808.9079277241104
5366,855.0420729011838,808.8673671464746
5367,854.9983389234027,808.826806568839
5368,854.9546049456213,808.7862459912036
5369,854.9108709678401,808.7456854135686
5370,854.867136990059,808.7051248359329
5371,854.8234030122774,808.6645642582972
5372,854.7796690344966,808.6240036806616
5373,854.7359350567154,808.5834431030262
5374,854.6922010789339,808.542882525391
5375,854.6484671011525,808.5023219477549
5376,854.6047331233717,808.4617613701193
5377,854.5609991455902,808.4212007924837
5378,854.5172651678091,808.380640214848
5379,854.4735311900278,808.340079637213
5380,854.4297972122469,808.2995190595774
5381,854.3860632344657,808.2589584819417
5382,854.3423292566837,808.2183979043067
5383,854.298595278903,808.1778373266707
5384,854.2548613011219,808.1372767490357
5385,854.2111273233403,808.0967161714
5386,854.1673933455592,808.0561555937642
5387,854.1236593677778,808.0155950161286
5388,854.0799253899967,807.9750344384926
5389,854.0361914122153,807.9344738608578
5390,853.992457434434,807.8939132832218
5391,853.9487234566532,807.8533527055868
5392,853.9049894788719,807.8127921279506
5393,853.8612555010906,807.7722315503154
5394,853.8175215233093,807.73167097268
5395,853.7737875455281,807.6911103950446
5396,853.730053567747,807.6505498174088
5397,853.6863195899655,807.6099892397734
5398,853.6425856121841,807.5694286621373
5399,853.5988516344037,807.5288680845026
5400,853.5551176566216,807.4883075068666
5401,853.5113836788406,807.447746929231
5402,853.4676497010591,807.4071863515956
5403,853.4239157232778,807.3666257739605
5404,853.3801817454972,807.3260651963247
5405,853.3364477677154,807.2855046186886
5406,853.2927137899347,807.2449440410528
5407,853.2489798121534,807.2043834634178
5408,853.205245834372,807.1638228857818
5409,853.1615118565909,807.1232623081459
5410,853.1177778788095,807.082701730511
5411,853.0740439010282,807.042141152876
5412,853.0303099232466,807.0015805752397
5413,852.9865759454656,806.9610199976047
5414,852.9428419676847,806.9204594199691
5415,852.8991079899035,806.8798988423339
5416,852.8553740121223,806.839338264698
5417,852.8116400343407,806.7987776870627
5418,852.7679060565598,806.7582171094269
5419,852.7241720787786,806.7176565317915
5420,852.6804381009974,806.6770959541554
5421,852.6367041232157,806.6365353765196
5422,852.5929701454345,806.5959747988848
5423,852.5492361676536,806.555414221249
5424,852.5055021898721,806.5148536436135
5425,852.4617682120913,806.4742930659785
5426,852.41803423431,806.433732488342
5427,852.3743002565285,806.3931719107068
5428,852.3305662787473,806.3526113330712
5429,852.286832300966,806.3120507554356
5430,852.2430983231849,806.2714901778004
5431,852.1993643454038,806.2309296001644
5432,852.1556303676222,806.1903690225294
5433,852.1118963898409,806.1498084448937
5434,852.0681624120599,806.1092478672581
5435,852.0244284342784,806.0686872896226
5436,851.9806944564975,806.028126711987
5437,851.9369604787163,805.9875661343516
5438,851.8932265009353,805.9470055567161
5439,851.8494925231538,805.9064449790803
5440,851.8057585453724,805.8658844014449
5441,851.7620245675912,805.8253238238096
5442,851.7182905898103,805.7847632461735
5443,851.6745566120288,805.744202668538
5444,851.630822634248,805.7036420909028
5445,851.5870886564664,805.6630815132675
5446,851.5433546786853,805.6225209356315
5447,851.4996207009043,805.5819603579963
5448,851.4558867231228,805.5413997803606
5449,851.4121527453414,805.5008392027249
5450,851.36841876756,805.4602786250897
5451,851.3246847897792,805.419718047454
5452,851.2809508119979,805.3791574698188
5453,851.2372168342163,805.3385968921831
5454,851.1934828564354,805.2980363145475
5455,851.1497488786538,805.2574757369118
5456,851.1060149008729,805.2169151592758
5457,851.0622809230914,805.1763545816407
5458,851.0185469453099,805.1357940040051
5459,850.9748129675293,805.0952334263698
5460,850.9310789897478,805.0546728487335
5461,850.8873450119668,805.014112271099
5462,850.8436110341853,804.9735516934633
5463,850.7998770564038,804.9329911158273
5464,850.7561430786229,804.892430538192
5465,850.7124091008416,804.8518699605568
5466,850.6686751230603,804.811309382921
5467,850.6249411452792,804.7707488052847
5468,850.5812071674978,804.7301882276497
5469,850.5374731897167,804.6896276500139
5470,850.4937392119355,804.6490670723786
5471,850.4500052341543,804.6085064947432
5472,850.406271256373,804.5679459171077
5473,850.3625372785922,804.5273853394722
5474,850.3188033008106,804.4868247618365
5475,850.2750693230294,804.4462641842007
5476,850.2313353452483,804.4057036065655
5477,850.1876013674669,804.3651430289299
5478,850.1438673896859,804.3245824512942
5479,850.1001334119045,804.2840218736584
5480,850.0563994341234,804.2434612960233
5481,850.0126654563418,804.2029007183871
5482,849.9689314785606,804.1623401407518
5483,849.9251975007796,804.1217795631169
5484,849.8814635229983,804.0812189854813
5485,849.8377295452173,804.0406584078455
5486,849.7939955674357,804.0000978302098
5487,849.7502615896543,803.9595372525746
5488,849.7065276118733,803.9189766749386
5489,849.6627936340923,803.8784160973033
5490,849.619059656311,803.8378555196676
5491,849.5753256785295,803.7972949420323
5492,849.5315917007484,803.7567343643971
5493,849.4878577229671,803.716173786761
5494,849.444123745186,803.6756132091258
5495,849.4003897674044,803.6350526314906
5496,849.3566557896237,803.5944920538548
5497,849.3129218118422,803.5539314762193
5498,849.2691878340609,803.5133708985829
5499,849.2254538562796,803.4728103209478
5500,849.1817198784985,803.4322497433124
5501,849.1379859007177,803.3916891656766
5502,849.0942519229362,803.3511285880411
5503,849.0505179451548,803.3105680104054
5504,849.0067839673735,803.2700074327698
5505,848.9630499895926,803.2294468551345
5506,848.919316011811,803.188886277499
5507,848.8755820340297,803.1483256998632
5508,848.8318480562489,803.1077651222287
5509,848.7881140784673,803.0672045445923
5510,848.7443801006862,803.0266439669573
5511,848.7006461229046,802.9860833893216
5512,848.6569121451238,802.945522811686
5513,848.6131781673425,802.9049622340507
5514,848.5694441895612,802.864401656415
5515,848.5257102117803,802.8238410787792
5516,848.4819762339991,802.7832805011432
5517,848.4382422562177,802.7427199235085
5518,848.3945082784363,802.7021593458722
5519,848.3507743006551,802.6615987682376
5520,848.307040322874,802.6210381906017
5521,848.2633063450925,802.580477612966
5522,848.2195723673113,802.53991703533
5523,848.1758383895301,802.4993564576947
5524,848.1321044117489,802.4587958800595
5525,848.0883704339677,802.4182353024245
5526,848.0446364561864,802.3776747247882
5527,848.0009024784054,802.337114147153
5528,847.957168500624,802.2965535695176
5529,847.913434522843,802.2559929918812
5530,847.869700545061,802.2154324142462
5531,847.8259665672805,802.1748718366109
5532,847.7822325894987,802.1343112589752
5533,847.7384986117179,802.0937506813397
5534,847.6947646339364,802.0531901037044
5535,847.6510306561554,802.0126295260684
5536,847.6072966783738,801.9720689484332
5537,847.563562700593,801.9315083707974
5538,847.5198287228117,801.8909477931619
5539,847.4760947450304,801.8503872155269
5540,847.4323607672493,801.8098266378906
5541,847.3886267894679,801.7692660602553
5542,847.3448928116869,801.7287054826198
5543,847.3011588339054,801.6881449049845
5544,847.2574248561244,801.6475843273486
5545,847.2136908783428,801.6070237497128
5546,847.1699569005618,801.5664631720773
5547,847.1262229227805,801.5259025944418
5548,847.0824889449993,801.4853420168066
5549,847.0387549672181,801.4447814391707
5550,846.995020989437,801.4042208615351
5551,846.9512870116556,801.3636602838998
5552,846.9075530338747,801.3230997062643
5553,846.8638190560933,801.2825391286291
5554,846.8200850783119,801.241978550993
5555,846.7763511005306,801.2014179733575
5556,846.7326171227494,801.1608573957218
5557,846.6888831449679,801.1202968180861
5558,846.6451491671871,801.0797362404505
5559,846.6014151894058,801.0391756628158
5560,846.5576812116244,800.9986150851797
5561,846.5139472338436,800.9580545075443
5562,846.4702132560622,800.9174939299085
5563,846.4264792782809,800.876933352273
5564,846.3827453004994,800.8363727746374
5565,846.3390113227183,800.7958121970024
5566,846.2952773449372,800.7552516193668
5567,846.2515433671562,800.7146910417309
5568,846.2078093893747,800.6741304640958
5569,846.1640754115934,800.6335698864602
5570,846.1203414338127,800.5930093088244
5571,846.0766074560305,800.5524487311887
5572,846.0328734782497,800.511888153554
5573,845.9891395004684,800.4713275759179
5574,845.9454055226873,800.4307669982821
5575,845.901671544906,800.3902064206467
5576,845.8579375671246,800.3496458430113
5577,845.814203589344,800.3090852653762
5578,845.7704696115622,800.2685246877401
5579,845.7267356337815,800.2279641101044
5580,845.6830016559999,800.1874035324691
5581,845.6392676782185,800.1468429548341
5582,845.5955337004374,800.1062823771977
5583,845.5517997226564,800.0657217995627
5584,845.5080657448749,800.0251612219271
5585,845.4643317670939,799.9846006442915
5586,845.4205977893126,799.9440400666556
5587,845.3768638115313,799.9034794890202
5588,845.3331298337499,799.8629189113849
5589,845.2893958559689,799.8223583337494
5590,845.2456618781875,799.7817977561136
5591,845.2019279004066,799.741237178478
5592,845.1581939226251,799.700676600843
5593,845.1144599448438,799.6601160232068
5594,845.0707259670626,799.6195554455713
5595,845.0269919892812,799.5789948679359
5596,844.9832580115,799.5384342903003
5597,844.939524033719,799.4978737126652
5598,844.8957900559378,799.4573131350297
5599,844.8520560781565,799.416752557394
5600,844.8083221003752,799.3761919797581
5601,844.7645881225944,799.3356314021233
5602,844.7208541448125,799.2950708244875
5603,844.6771201670317,799.2545102468519
5604,844.6333861892502,799.2139496692163
5605,844.5896522114691,799.1733890915804
5606,844.5459182336878,799.1328285139452
5607,844.5021842559066,799.092267936309
5608,844.4584502781256,799.0517073586735
5609,844.4147163003446,799.0111467810387
5610,844.3709823225628,798.9705862034025
5611,844.3272483447819,798.9300256257667
5612,844.283514367,798.8894650481316
5613,844.2397803892189,798.848904470496
5614,844.1960464114376,798.8083438928606
5615,844.152312433657,798.7677833152251
5616,844.1085784558754,798.7272227375894
5617,844.0648444780941,798.6866621599545
5618,844.0211105003127,798.6461015823182
5619,843.9773765225317,798.6055410046827
5620,843.9336425447506,798.5649804270474
5621,843.889908566969,798.5244198494123
5622,843.846174589188,798.4838592717759
5623,843.8024406114068,798.4432986941408
5624,843.7587066336256,798.4027381165057
5625,843.7149726558441,798.3621775388702
5626,843.6712386780629,798.3216169612342
5627,843.6275047002817,798.2810563835985
5628,843.5837707225007,798.2404958059632
5629,843.5400367447191,798.199935228328
5630,843.4963027669384,798.1593746506919
5631,843.452568789157,798.1188140730563
5632,843.4088348113756,798.0782534954212
5633,843.3651008335949,798.0376929177858
5634,843.321366855813,797.9971323401496
5635,843.2776328780321,797.9565717625143
5636,843.2338989002506,797.9160111848786
5637,843.1901649224695,797.8754506072431
5638,843.1464309446882,797.8348900296073
5639,843.1026969669074,797.7943294519723
5640,843.0589629891258,797.7537688743361
5641,843.0152290113448,797.713208296701
5642,842.9714950335633,797.6726477190649
5643,842.9277610557823,797.6320871414304
5644,842.8840270780005,797.5915265637947
5645,842.8402931002196,797.5509659861596
5646,842.7965591224386,797.5104054085231
5647,842.7528251446574,797.4698448308881
5648,842.7090911668761,797.4292842532527
5649,842.6653571890946,797.3887236756168
5650,842.6216232113134,797.3481630979816
5651,842.5778892335327,797.3076025203457
5652,842.534155255751,797.2670419427099
5653,842.4904212779697,797.2264813650745
5654,842.4466873001886,797.1859207874386
5655,842.4029533224073,797.1453602098031
5656,842.3592193446262,797.1047996321673
5657,842.3154853668447,797.0642390545323
5658,842.2717513890642,797.0236784768967
5659,842.2280174112825,796.9831178992613
5660,842.1842834335012,796.9425573216259
5661,842.1405494557198,796.9019967439903
5662,842.0968154779384,796.8614361663547
5663,842.0530815001574,796.8208755887188
5664,842.0093475223769,796.7803150110841
5665,841.9656135445953,796.7397544334486
5666,841.9218795668137,796.699193855813
5667,841.8781455890326,796.6586332781767
5668,841.8344116112512,796.6180727005417
5669,841.79067763347,796.5775121229062
5670,841.7469436556894,796.5369515452701
5671,841.703209677908,796.4963909676347
5672,841.6594757001264,796.4558303899994
5673,841.6157417223452,796.4152698123639
5674,841.5720077445637,796.3747092347281
5675,841.5282737667828,796.3341486570922
5676,841.4845397890015,796.2935880794573
5677,841.44080581122,796.2530275018216
5678,841.3970718334393,796.2124669241856
5679,841.3533378556579,796.1719063465512
5680,841.3096038778765,796.1313457689147
5681,841.2658699000948,796.0907851912795
5682,841.2221359223139,796.0502246136442
5683,841.1784019445328,796.0096640360083
5684,841.134667966752,795.9691034583728
5685,841.09093398897,795.928542880738
5686,841.0472000111888,795.8879823031017
5687,841.003466033408,795.8474217254656
5688,840.9597320556267,795.8068611478303
5689,840.9159980778452,795.7663005701945
5690,840.8722641000641,795.7257399925593
5691,840.8285301222832,795.6851794149238
5692,840.784796144502,795.6446188372886
5693,840.74106216672,795.6040582596528
5694,840.6973281889392,795.5634976820178
5695,840.6535942111578,795.5229371043815
5696,840.6098602333767,795.4823765267461
5697,840.5661262555957,795.4418159491108
5698,840.5223922778144,795.4012553714753
5699,840.4786583000333,795.3606947938397
5700,840.4349243222517,795.320134216204
5701,840.3911903444707,795.2795736385688
5702,840.3474563666895,795.2390130609327
5703,840.3037223889079,795.1984524832975
5704,840.259988411127,795.157891905662
5705,840.2162544333454,795.1173313280268
5706,840.1725204555647,795.0767707503912
5707,840.1287864777834,795.0362101727552
5708,840.085052500002,794.9956495951197
5709,840.0413185222208,794.9550890174843
5710,839.9975845444395,794.9145284398489
5711,839.9538505666585,794.8739678622134
5712,839.9101165888769,794.833407284578
5713,839.8663826110957,794.7928467069414
5714,839.8226486333145,794.7522861293063
5715,839.7789146555335,794.7117255516712
5716,839.7351806777523,794.6711649740352
5717,839.691446699971,794.6306043963998
5718,839.6477127221895,794.5900438187646
5719,839.6039787444087,794.5494832411283
5720,839.5602447666272,794.5089226634932
5721,839.5165107888463,794.468362085858
5722,839.4727768110647,794.4278015082227
5723,839.4290428332836,794.3872409305867
5724,839.3853088555015,794.3466803529509
5725,839.3415748777212,794.3061197753159
5726,839.2978408999398,794.2655591976804
5727,839.2541069221583,794.2249986200444
5728,839.2103729443775,794.1844380424089
5729,839.1666389665961,794.1438774647735
5730,839.1229049888146,794.1033168871382
5731,839.0791710110334,794.0627563095019
5732,839.0354370332526,794.0221957318669
5733,838.9917030554715,793.9816351542311
5734,838.9479690776903,793.9410745765961
5735,838.9042350999086,793.9005139989598
5736,838.8605011221272,793.8599534213248
5737,838.8167671443462,793.8193928436891
5738,838.7730331665655,793.7788322660534
5739,838.7292991887836,793.7382716884181
5740,838.6855652110024,793.6977111107823
5741,838.6418312332215,793.6571505331473
5742,838.59809725544,793.6165899555117
5743,838.5543632776587,793.5760293778757
5744,838.5106292998776,793.5354688002399
5745,838.4668953220961,793.4949082226045
5746,838.4231613443155,793.4543476449692
5747,838.379427366534,793.413787067333
5748,838.3356933887524,793.3732264896978
5749,838.2919594109712,793.3326659120627
5750,838.2482254331899,793.2921053344269
5751,838.2044914554091,793.2515447567913
5752,838.1607574776277,793.2109841791556
5753,838.1170234998468,793.1704236015204
5754,838.0732895220652,793.1298630238853
5755,838.0295555442838,793.089302446249
5756,837.9858215665026,793.048741868614
5757,837.9420875887214,793.008181290978
5758,837.8983536109403,792.9676207133425
5759,837.854619633159,792.9270601357073
5760,837.8108856553782,792.8864995580719
5761,837.7671516775968,792.8459389804367
5762,837.7234176998154,792.8053784028004
5763,837.6796837220343,792.764817825166
5764,837.635949744253,792.7242572475296
5765,837.592215766472,792.6836966698942
5766,837.5484817886908,792.6431360922586
5767,837.5047478109091,792.6025755146229
5768,837.4610138331279,792.5620149369873
5769,837.4172798553467,792.5214543593513
5770,837.3735458775653,792.4808937817161
5771,837.3298118997844,792.4403332040807
5772,837.2860779220031,792.3997726264452
5773,837.242343944222,792.3592120488097
5774,837.1986099664407,792.3186514711741
5775,837.1548759886591,792.2780908935384
5776,837.1111420108781,792.2375303159029
5777,837.067408033097,792.1969697382676
5778,837.0236740553153,792.1564091606317
5779,836.9799400775344,792.1158485829961
5780,836.9362060997531,792.0752880053607
5781,836.8924721219719,792.0347274277253
5782,836.8487381441906,791.99416685009
5783,836.8050041664093,791.9536062724544
5784,836.7612701886281,791.913045694819
5785,836.7175362108471,791.8724851171834
5786,836.6738022330657,791.8319245395477
5787,836.6300682552844,791.7913639619121
5788,836.5863342775035,791.7508033842772
5789,836.5426002997223,791.7102428066411
5790,836.4988663219407,791.6696822290058
5791,836.4551323441598,791.6291216513699
5792,836.4113983663785,791.5885610737342
5793,836.3676643885974,791.5480004960984
5794,836.3239304108162,791.5074399184637
5795,836.2801964330347,791.4668793408281
5796,836.2364624552541,791.426318763192
5797,836.1927284774724,791.3857581855568
5798,836.1489944996911,791.3451976079212
5799,836.1052605219096,791.3046370302856
5800,836.0615265441289,791.2640764526499
5801,836.0177925663476,791.2235158750145
5802,835.974058588566,791.1829552973791
5803,835.9303246107852,791.1423947197435
5804,835.8865906330036,791.1018341421081
5805,835.8428566552225,791.0612735644726
5806,835.7991226774415,791.0207129868368
5807,835.7553886996601,790.9801524092014
5808,835.7116547218787,790.9395918315653
5809,835.6679207440978,790.8990312539304
5810,835.6241867663161,790.8584706762949
5811,835.580452788535,790.8179100986592
5812,835.5367188107537,790.7773495210233
5813,835.4929848329723,790.7367889433878
5814,835.4492508551914,790.6962283657523
5815,835.4067167446291,790.6569705519743
5816,835.3651799931324,790.618795627472
5817,835.3236432416353,790.5806207029693
5818,835.2821064901383,790.5424457784676
5819,835.2405697386421,790.504270853965
5820,835.1990329871453,790.4660959294632
5821,835.1574962356484,790.4279210049607
5822,835.1159594841521,790.3897460804584
5823,835.0744227326552,790.3515711559564
5824,835.0328859811581,790.3133962314539
5825,834.9913492296615,790.2752213069515
5826,834.9498124781645,790.2370463824493
5827,834.908275726668,790.1988714579475
5828,834.8667389751707,790.1606965334448
5829,834.8252022236744,790.1225216089423
5830,834.7836654721777,790.0843466844404
5831,834.7421287206805,790.0461717599379
5832,834.700591969184,790.0079968354358
5833,834.6590552176875,789.969821910934
5834,834.6175184661905,789.9316469864305
5835,834.5759817146936,789.8934720619286
5836,834.5344449631971,789.8552971374266
5837,834.4929082117002,789.8171222129246
5838,834.4513714602036,789.7789472884222
5839,834.4098347087069,789.7407723639201
5840,834.3682979572096,789.7025974394177
5841,834.3267612057133,789.6644225149153
5842,834.2852244542166,789.6262475904128
5843,834.2436877027195,789.5880726659113
5844,834.2021509512227,789.549897741408
5845,834.1606141997263,789.5117228169064
5846,834.119077448229,789.4735478924042
5847,834.0775406967324,789.4353729679018
5848,834.0360039452355,789.3971980433998
5849,833.9944671937384,789.3590231188974
5850,833.9529304422423,789.3208481943952
5851,833.9113936907453,789.2826732698927
5852,833.8698569392486,789.2444983453905
5853,833.8283201877521,789.2063234208878
5854,833.7867834362551,789.1681484963857
5855,833.7452466847584,789.1299735718835
5856,833.7037099332613,789.0917986473814
5857,833.6621731817646,789.0536237228794
5858,833.620636430268,789.0154487983767
5859,833.5790996787716,788.9772738738744
5860,833.5375629272743,788.9390989493725
5861,833.4960261757775,788.9009240248702
5862,833.4544894242808,788.8627491003678
5863,833.4129526727842,788.8245741758649
5864,833.371415921287,788.7863992513626
5865,833.3298791697907,788.7482243268608
5866,833.2883424182936,788.7100494023582
5867,833.2468056667967,788.671874477856
5868,833.2052689153,788.6336995533536
5869,833.1637321638034,788.5955246288512
5870,833.1221954123067,788.5573497043497
5871,833.0806586608098,788.5191747798472
5872,833.0391219093132,788.4809998553447
5873,832.9975851578166,788.4428249308424
5874,832.9560484063197,788.4046500063404
5875,832.914511654823,788.3664750818381
5876,832.8729749033266,788.3283001573355
5877,832.8314381518292,788.2901252328335
5878,832.7899014003325,788.2519503083308
5879,832.7483646488358,788.2137753838291
5880,832.7068278973392,788.1756004593266
5881,832.6652911458427,788.137425534824
5882,832.6237543943455,788.0992506103221
5883,832.5822176428491,788.0610756858192
5884,832.5406808913519,788.0229007613177
5885,832.499144139855,787.9847258368152
5886,832.4576073883584,787.9465509123125
5887,832.4160706368614,787.9083759878105
5888,832.3745338853645,787.870201063308
5889,832.3329971338682,787.8320261388061
5890,832.2914603823715,787.7938512143041
5891,832.2499236308745,787.7556762898012
5892,832.208386879378,787.7175013652992
5893,832.1668501278809,787.6793264407966
5894,832.1253133763844,787.641151516295
5895,832.0837766248877,787.6029765917926
5896,832.0422398733907,787.5648016672902
5897,832.0007031218937,787.5266267427883
5898,831.9591663703972,787.4884518182852
5899,831.9176296189004,787.4502768937839
5900,831.8760928674035,787.4121019692809
5901,831.8345561159069,787.3739270447785
5902,831.7930193644102,787.3357521202763
5903,831.7514826129137,787.2975771957742
5904,831.7099458614166,787.259402271272
5905,831.6684091099197,787.22122734677
5906,831.6268723584233,787.1830524222675
5907,831.5853356069267,787.1448774977654
5908,831.5437988554294,787.1067025732631
5909,831.502262103933,787.068527648761
5910,831.4607253524357,787.0303527242581
5911,831.4191886009396,786.9921777997563
5912,831.3776518494425,786.954002875254
5913,831.3361150979456,786.9158279507511
5914,831.294578346449,786.8776530262493
5915,831.2530415949522,786.8394781017465
5916,831.2115048434553,786.8013031772447
5917,831.1699680919587,786.7631282527427
5918,831.1284313404618,786.7249533282405
5919,831.0868945889653,786.686778403738
5920,831.0453578374686,786.6486034792355
5921,831.0038210859715,786.6104285547334
5922,830.962284334475,786.5722536302309
5923,830.920747582978,786.5340787057287
5924,830.8792108314811,786.4959037812263
5925,830.8376740799848,786.4577288567241
5926,830.7961373284877,786.419553932222
5927,830.7546005769913,786.3813790077197
5928,830.7130638254941,786.3432040832171
5929,830.6715270739971,786.3050291587153
5930,830.6299903225008,786.2668542342127
5931,830.5884535710042,786.2286793097104
5932,830.5469168195068,786.1905043852083
5933,830.5053800680105,786.1523294607059
5934,830.4638433165136,786.1141545362036
5935,830.4223065650168,786.0759796117014
5936,830.3807698135201,786.0378046871994
5937,830.3392330620234,785.999629762697
5938,830.2976963105267,785.9614548381946
5939,830.2561595590299,785.9232799136926
5940,830.2146228075327,785.8851049891896
5941,830.1730860560361,785.8469300646882
5942,830.1315493045398,785.8087551401857
5943,830.0900125530429,785.7705802156833
5944,830.048475801546,785.7324052911808
5945,830.0069390500495,785.6942303666782
5946,829.9654022985524,785.6560554421766
5947,829.9238655470558,785.6178805176739
5948,829.8823287955588,785.5797055931718
5949,829.8407920440625,785.5415306686689
5950,829.7992552925654,785.5033557441678
5951,829.757718541068,785.4651808196652
5952,829.7161817895719,785.4270058951627
5953,829.6746450380754,785.3888309706601
5954,829.633108286578,785.3506560461589
5955,829.5915715350816,785.3124811216558
5956,829.5500347835848,785.2743061971536
5957,829.5084980320878,785.236131272651
5958,829.4669612805916,785.1979563481493
5959,829.4254245290945,785.1597814236475
5960,829.3838877775978,785.121606499145
5961,829.3423510261007,785.0834315746422
5962,829.3008142746041,785.0452566501395
5963,829.259277523107,785.0070817256378
5964,829.2177407716105,784.9689068011357
5965,829.1762040201139,784.9307318766333
5966,829.1346672686169,784.8925569521313
5967,829.0931305171202,784.8543820276282
5968,829.0515937656235,784.8162071031259
5969,829.0100570141271,784.7780321786242
5970,828.96852026263,784.7398572541215
5971,828.9269835111332,784.7016823296196
5972,828.8854467596368,784.663507405117
5973,828.8439100081397,784.625332480615
5974,828.8023732566427,784.5871575561126
5975,828.7608365051462,784.5489826316101
5976,828.7192997536494,784.5108077071083
5977,828.677763002152,784.4726327826061
5978,828.6362262506557,784.4344578581038
5979,828.5946894991594,784.396282933601
5980,828.5531527476626,784.3581080090984
5981,828.5116159961651,784.3199330845971
5982,828.4700792446685,784.2817581600942
5983,828.428542493172,784.2435832355923
5984,828.3870057416752,784.20540831109
5985,828.3454689901786,784.1672333865871
5986,828.3039322386817,784.1290584620854
5987,828.262395487185,784.0908835375834
5988,828.2208587356882,784.0527086130814
5989,828.1793219841918,784.0145336885789
5990,828.1377852326948,783.9763587640758
5991,828.0962484811976,783.9381838395738
5992,828.054711729701,783.9000089150717
5993,828.0131749782045,783.8618339905696
5994,827.9716382267072,783.8236590660667
5995,827.9301014752108,783.7854841415648
5996,827.8885647237142,783.7473092170624
5997,827.8470279722175,783.7091342925609
5998,827.8054912207206,783.6709593680584
5999,827.7639544692232,783.6327844435555
6000,827.7224177177274,783.594609519053
